%YAML:1.0
M: !!opencv-matrix
   rows: 62
   cols: 62
   dt: d
   data: [ 8.3992272029812159e-02, 9.4848427546555258e-02,
       2.9086044029118588e-02, 1.0530598697338756e-01,
       5.9628681278824702e-02, 2.3579542900763750e-01,
       3.5219746267730549e-02, 7.0484836795567801e-02,
       5.9628681278824702e-02, 5.9606009148771358e-02,
       2.3572741261747748e-01, 2.8184865866205783e-01,
       2.6018169188867835e-01, 1.6531059221206970e-01,
       1.3004550168423246e-01, 9.4825755416501900e-02,
       5.9628681278824702e-02, 2.2487125710073438e-01,
       2.4932553637193522e-01, 9.4871099676608603e-02,
       5.9628681278824702e-02, 1.0572725519335170e-01,
       2.6909414977254187e-02, 8.0095208319787142e-02,
       1.0565923880319164e-01, 0., 2.8456795476971913e-01,
       3.5219746267730549e-02, 2.1410579010420466e-01,
       2.4386262881040805e-02, 1.0568191093324500e-01,
       1.0565923880319164e-01, 1.7612140346870611e-01,
       7.0462164665514443e-02, 7.3119082906534211e-02,
       2.6662207026692031e-02, 2.6015901975862493e-01,
       2.4386262881040805e-02, 1.0572725519335170e-01,
       1.7614407559875947e-01, 7.8188417845200045e-02,
       2.4130725387211636e-02, 2.1293555904126948e-01,
       2.2903586096823872e-02, 1.2760138531766621e-01,
       1.2571126967588153e-01, 7.0462164665514443e-02,
       1.7618941985886616e-01, 0., 5.3163798142562058e-02,
       1.0568191093324500e-01, 2.0055301060985359e-01,
       2.4429924965982391e-01, 1.3709834933246251e-01,
       1.2561033342596684e-01, 9.3809264178344953e-02,
       2.3055849691902480e-02, 8.8608570965052730e-02, 0.,
       6.2855634837940766e-02, 2.6018169188867835e-01,
       9.4825755416501900e-02, 0., 0., 0., 1.0342610886294246e-01, 0.,
       0., 0., 0., 2.5808567256371078e-02, 0., 0., 0., 0., 0., 0., 0.,
       0., 0., 2.6497905445914693e-02, 5.2404693175088994e-02, 0., 0.,
       1.1408165898358213e-01, 3.4274715477852109e-02, 0., 0., 0., 0.,
       0., 0., 0., 0., 0., 0., 0., 1.9303213856424986e-02,
       2.5906787729174301e-02, 0., 0., 0., 8.5730001183657825e-02,
       2.3971932183547762e-02, 3.0018462528669718e-02,
       1.1690520407424231e-01, 1.0722459744945814e-01,
       1.2862298560716356e-01, 0., 5.1715354985545380e-02, 0., 0., 0.,
       0., 5.5405099896832524e-02, 5.6238530614745562e-02,
       2.2192645765152254e-02, 2.7183180694596243e-02,
       8.0707399374403993e-02, 0., 9.3395236188497377e-02,
       2.0304816371243187e-01, 0., 0., 7.2235066564295111e-02,
       9.9854356721231483e-02, 3.8737708060716747e-01,
       5.4896138556929075e-01, 1.8422996225125365e-01,
       1.3945083422090351e-01, 1.6575463853149625e-01,
       1.6145381913632190e-01, 2.5481385568311471e-01,
       1.9463719989494702e-01, 1.0084013801313202e-01,
       1.3863495612262386e-01, 1.9711726417290285e-02, 0.,
       7.6260550149921461e-02, 5.0989458751267140e-02,
       9.9022469259102144e-02, 1.2512544811988580e-01,
       4.9382460149204652e-02, 5.2404693175088994e-02,
       7.6484188126900707e-02, 6.3564719290225669e-02,
       6.4549553374485780e-01, 5.2512900934622586e-01,
       7.8385110931224258e-02, 7.8385110931224258e-02,
       4.6740337188661545e-02, 7.1403179102165773e-02,
       1.1063059071423921e-01, 1.1063059071423921e-01,
       2.3370168594330772e-02, 7.6484188126900707e-02,
       4.5908449726532199e-02, 5.0989458751267140e-02,
       4.9107671730504404e-01, 5.3871995882693935e-01,
       1.0641645944170136e-01, 7.6260550149921461e-02,
       9.9031964736321115e-02, 1.3149913046379419e-01,
       6.8259912002290912e-01, 6.5362594775347482e-01,
       2.7446820063374711e-01, 3.7703978807236116e-01,
       2.9503612880815627e-01, 2.4734786631327094e-01,
       4.4017022399427633e-02, 7.7210084361178946e-02,
       2.5066943803571679e-01, 4.7284232912031737e-01,
       7.7553223469094906e-02, 5.9040425922519832e-02,
       3.9049637363537981e-01, 4.0122128781463773e-01,
       5.7581523476049923e-01, 5.6103624502268801e-01,
       1.9699293725886263e-01, 1.1616767042610984e-01,
       8.4705925195510817e-02, 3.7070769957398259e-01,
       7.1392539473594169e-02, 9.6887268849227742e-02,
       2.4386262881040798e-02, 0., 2.8368393558470589e-01,
       2.4686324802895804e-01, 2.4386262881040798e-02,
       3.0028596731851865e-02, 2.3551625208340275e-02,
       6.7286113834961345e-02, 2.4386262881040798e-02, 0., 0., 0.,
       1.9711726417290285e-02, 4.8772525762081596e-02,
       2.4386262881040798e-02, 2.4386262881040798e-02,
       4.8772525762081596e-02, 2.4386262881040798e-02,
       2.7097971419599270e-02, 0., 0., 4.5121481522666110e-02,
       5.3075193917028740e-01, 3.5089319977183048e-01,
       2.4386262881040798e-02, 2.7097971419599270e-02,
       7.3799463300396911e-02, 5.1484234300640072e-02,
       4.5747401739591513e-02, 4.5747401739591513e-02,
       2.4386262881040798e-02, 0., 5.0032014617168177e-02,
       2.4386262881040798e-02, 3.7047694707265644e-01,
       2.6721509717226233e-01, 2.4386262881040798e-02,
       2.7097971419599270e-02, 2.4386262881040798e-02,
       4.8772525762081596e-02, 2.1488549649834035e-01,
       2.2345607393538194e-01, 4.9206688680640387e-01,
       6.8661596093396893e-01, 5.7220431563877505e-01,
       7.8956693843323877e-01, 2.4386262881040798e-02, 0.,
       2.6392974615089781e-01, 2.1945414128668222e-01,
       4.8772525762081596e-02, 2.4386262881040798e-02,
       6.1990721740566923e-01, 4.9857116533481716e-01,
       3.7456878769620860e-01, 2.2689860646686283e-01,
       1.2673495119818262e-01, 2.5434545233435452e-01,
       6.0600428599599376e-01, 7.3861863691589369e-01,
       2.4386262881040798e-02, 2.4386262881040798e-02,
       4.6740337188661545e-02, 2.3370168594330772e-02, 0., 0.,
       4.6740337188661545e-02, 2.3370168594330772e-02,
       2.3370168594330772e-02, 4.6740337188661545e-02,
       9.3480674377323089e-02, 9.3480674377323089e-02,
       4.6740337188661545e-02, 0., 0., 0., 4.6740337188661545e-02, 0.,
       0., 7.0110505782992313e-02, 0., 0., 0., 0., 0., 0.,
       2.3370168594330772e-02, 2.3370168594330772e-02,
       4.6740337188661545e-02, 2.3370168594330772e-02,
       2.3370168594330772e-02, 2.3370168594330772e-02,
       2.3370168594330772e-02, 0., 2.3370168594330772e-02, 0., 0., 0.,
       0., 4.6740337188661545e-02, 2.3370168594330772e-02, 0., 0., 0.,
       7.3550201384156591e-02, 1.7597418717545976e-01, 0., 0.,
       2.3370168594330772e-02, 0., 0., 0., 0., 0.,
       2.0306042176976913e-01, 1.1085780553047148e-01, 0., 0., 0., 0.,
       0., 0., 2.3370168594330772e-02, 2.3370168594330772e-02, 0., 0.,
       0., 2.1870931437167614e-02, 0., 0., 0., 0., 0., 0., 0., 0., 0.,
       0., 0., 0., 0., 0., 2.7097971419599270e-02, 0., 0., 0., 0., 0.,
       0., 2.7097971419599270e-02, 0., 2.7097971419599270e-02,
       2.1361138858550715e-02, 2.1361138858550715e-02, 0., 0., 0., 0.,
       0., 0., 0., 2.7097971419599270e-02, 0., 0., 0., 0.,
       2.6732566968467698e-02, 2.7941344139553344e-02, 0., 0., 0., 0.,
       3.1745313720753100e-02, 0., 0., 0., 5.6784288485051709e-02,
       7.4545279818982388e-02, 3.3753066850017374e-02, 0., 0.,
       1.2147345910515056e-01, 0., 0., 0., 0., 0., 0.,
       2.1050603820942032e-01, 1.3479142924696932e-01, 0.,
       3.5956592760616898e-02, 0., 5.1880718250322699e-02, 0., 0., 0.,
       0., 0., 0., 0., 0., 2.2538281132201427e-02, 0.,
       2.6497905445914693e-02, 2.6497905445914693e-02, 0., 0.,
       1.1144311149049754e-01, 7.5326143207959828e-02, 0., 0.,
       7.3799463300396911e-02, 2.2538281132201427e-02, 0., 0., 0., 0.,
       2.2538281132201427e-02, 0., 2.5166922397178970e-01,
       1.5430270115913280e-01, 0., 0., 0., 0., 1.4859294421971678e-01,
       1.3329801002732294e-01, 1.2359087754638307e-01,
       1.5849780107054648e-01, 3.0788933591756462e-01,
       3.0212045560951895e-01, 0., 0., 3.3256464645233974e-01,
       4.3404046222619175e-01, 2.2538281132201427e-02, 0.,
       1.1354042131046350e-01, 2.2877577918760053e-01,
       5.2841890047794861e-02, 2.6955781967701022e-02,
       6.6199527964555901e-02, 0., 1.3316101500638017e-01,
       1.5739512378554135e-01, 0., 0., 0., 0., 8.2013873697200076e-02,
       9.3746307460092076e-02, 2.5796383826411962e-02, 0., 0.,
       4.2065213281220024e-02, 0., 2.0646853805096857e-02,
       2.4579587863210552e-02, 2.4579587863210552e-02, 0., 0., 0., 0.,
       0., 0., 2.2884554703289962e-02, 0., 0., 2.0735218641625312e-02,
       5.9603149928571290e-02, 7.2546113249466485e-02, 0., 0., 0., 0.,
       0., 0., 0., 0., 2.3451258024010876e-02, 2.3451258024010876e-02,
       1.4198620584515806e-01, 8.8253560771848566e-02, 0., 0.,
       2.0646853805096857e-02, 0., 5.4991157936743598e-02,
       5.0123130929236231e-02, 2.4325988890494754e-02,
       2.5542288335019491e-02, 0., 0., 2.0646853805096857e-02, 0.,
       7.3033405264167156e-02, 1.2089995544817478e-01,
       2.3451258024010876e-02, 2.3451258024010876e-02,
       7.8037896761852632e-02, 1.9869400277015718e-02,
       5.5638913113235648e-02, 3.0188382162610786e-02, 0.,
       4.2227527260524193e-02, 0., 0., 2.2527641503629826e-02,
       2.2527641503629826e-02, 0., 0., 3.4938857553164691e-02,
       2.1870931437167614e-02, 0., 5.8388230870540347e-02,
       2.3551625208340275e-02, 0., 0., 0., 2.2431638109923446e-02, 0.,
       1.9711726417290285e-02, 0., 0., 0., 0., 0., 0., 0., 0., 0.,
       3.2980919674691835e-02, 3.8697658894866246e-02, 0., 0.,
       2.2378187651216325e-02, 0., 2.1361138858550715e-02,
       2.1361138858550715e-02, 0., 0., 0., 2.2378187651216325e-02,
       3.3384994782499768e-02, 1.0362463523548680e-01, 0., 0., 0., 0.,
       0., 0., 1.6512754326646312e-01, 1.1648290296981587e-01, 0., 0.,
       0., 0., 3.1745313720753100e-02, 3.0228376663881888e-02, 0., 0.,
       1.5673371674777409e-01, 7.1195834812973244e-02,
       5.5976494532663540e-02, 3.2478962145557906e-02, 0.,
       4.1471017009370351e-02, 0., 1.3734037527847209e-01,
       2.2378187651216325e-02, 0., 1.4046823448953713e-01,
       1.0554499407278331e-01, 2.7261720413571355e-01,
       2.3937827023875860e-01, 2.1066596596536480e-01,
       2.4649199553386558e-01, 3.5219746267730549e-02,
       1.4065989614134211e-01, 3.5242418397783901e-02,
       1.0540420614474144e-01, 4.5693975664979192e-01,
       3.8710654741510103e-01, 3.5176868534938194e-01,
       3.1635727742984637e-01, 1.4074206821046051e-01,
       1.4061455188123542e-01, 2.1068476702783795e-01,
       2.8137542115416914e-01, 2.8142463648185601e-01,
       1.7574272554861098e-01, 3.5242418397783901e-02,
       1.4081948513185716e-01, 2.9784049732301321e-01,
       2.4759633129263253e-01, 2.1092652808747142e-01,
       1.0526728928427975e-01, 2.8158422547237105e-01,
       2.8085595530603208e-01, 2.3247379913417068e-01,
       1.9680348748860477e-01, 1.7585697027901931e-01,
       1.7583429814896598e-01, 2.7195161508184440e-01,
       2.8100614376531052e-01, 2.7657492898293257e-01,
       2.5237889364309052e-01, 2.1138649399654336e-01,
       3.1580186785283926e-01, 1.4081948513185716e-01,
       2.4631913494453375e-01, 2.1042984821566946e-01,
       2.6545965250744169e-01, 7.4186969918207932e-02,
       6.2118433723155564e-02, 9.6373387757745274e-02,
       9.9322698638404483e-02, 2.1080288282582649e-01,
       2.4637387973587704e-01, 1.2209542463484746e-01,
       1.7308676000445675e-01, 3.1622589003304113e-01,
       3.1651686642036142e-01, 1.2482632542584414e-01,
       1.5990535766403599e-01, 3.8167195546165716e-01,
       2.2405232079401902e-01, 0., 0., 5.0492591773373119e-02,
       6.4407903722498244e-02, 2.8158422547237100e-01,
       2.1079901175824631e-01, 4.8581200391268919e-01,
       5.6743722989113987e-01, 1.3979266502699044e+00,
       1.2723446171243555e+00, 6.1559214899773040e-01,
       6.0227711695983899e-01, 4.2961368134574057e-01,
       5.0032640525428762e-01, 5.9681601394597139e-01,
       6.4714494947618484e-01, 6.7218197604119545e-01,
       6.6235440524235556e-01, 6.4407242066028703e-01,
       6.8232770227600537e-01, 5.2089421263051161e-01,
       5.6161259654914220e-01, 5.0369239892170603e-01,
       6.1091800632055804e-01, 5.8896916303255042e-01,
       5.2457823159985506e-01, 3.5610137253236490e-01,
       4.0592551832477008e-01, 1.4025296400262688e+00,
       1.3539516397412408e+00, 7.0744187419860738e-01,
       5.0174011821069886e-01, 6.2672713429831195e-01,
       5.2368419944087807e-01, 6.7624616100532142e-01,
       8.3409117813941802e-01, 5.7757164939740469e-01,
       6.6000807379613768e-01, 7.4244537101502750e-01,
       9.6515844818455665e-01, 1.1075093721254532e+00,
       1.1554445743084596e+00, 5.7716119199671734e-01,
       6.4671546906869659e-01, 5.7956715589457808e-01,
       6.8751627776891278e-01, 1.4504373269697997e+00,
       1.1115662347565720e+00, 1.1446149925828306e+00,
       1.2965903164304400e+00, 9.1233936052653719e-01,
       1.1940157523544328e+00, 4.0683541394075767e-01,
       5.2403751940574139e-01, 1.1243806738112962e+00,
       1.2662545304688950e+00, 6.4065202008035238e-01,
       7.2386499971205709e-01, 1.0387052969016048e+00,
       9.4880270424960678e-01, 1.3800183916754158e+00,
       1.3544959865916117e+00, 2.9980974061444304e-01,
       3.8080920421996650e-01, 8.3859399006534385e-01,
       8.3980935304346560e-01, 7.7216914657425728e-01,
       6.8119877122774519e-01, 5.0705761172571706e-01,
       5.1432321035856998e-01, 9.4957144190829079e-01,
       8.2851912994971189e-01, 5.6576098773941130e-01,
       5.8818278145359593e-01, 2.8704775479456557e-01,
       4.8423397874561153e-01, 5.2896350701750283e-01,
       6.3946909833588372e-01, 6.6697046215867362e-01,
       5.4829903698294236e-01, 6.2436069424299678e-01,
       6.8232770227600537e-01, 5.3811433685791321e-01,
       5.1062313779787505e-01, 4.2720821079480525e-01,
       6.2601356976665690e-01, 6.1546706847846511e-01,
       5.2516934931659542e-01, 2.7961718440546418e-01,
       4.0592551832477008e-01, 8.5615466439006471e-01,
       9.1161863453186232e-01, 6.7579710045604446e-01,
       4.7009534446813611e-01, 6.5108928383575704e-01,
       5.2155963865957533e-01, 6.1235590747974378e-01,
       7.7020092461384038e-01, 6.0094181799173541e-01,
       5.8352388566923696e-01, 7.4236428158534740e-01,
       8.6833954375806233e-01, 7.1121604580184661e-01,
       7.2870246029259500e-01, 4.7074473255501598e-01,
       6.6393559329609819e-01, 5.2727552834691849e-01,
       5.5601714730511853e-01, 7.7360470132187342e-01,
       8.1350757613386171e-01, 1.0445517325640508e+00,
       9.7455471626391776e-01, 1.1529123695928167e+00,
       1.3428398646626103e+00, 4.0955872872999161e-01,
       4.4682743504456246e-01, 6.7293362231892373e-01,
       8.0235028036975475e-01, 5.6218581971944803e-01,
       6.4137331576552647e-01, 9.9162943056733255e-01,
       9.4193078012913456e-01, 8.7150752227639217e-01,
       8.2852522582301480e-01, 2.4773349855248223e-02,
       2.7260961611482778e-02, 1.1639073752334015e+00,
       1.3039900888116036e+00, 7.2513875663810834e-01,
       6.3105183956717903e-01, 4.6142574103164835e-01,
       5.3939302757794294e-01, 7.3648902395360760e-01,
       7.2041371464056303e-01, 5.2012911704534259e-01,
       5.4478286870646186e-01, 3.6565650370276909e-01,
       3.6636061050580560e-01, 5.7242975106493055e-01,
       5.9845389335789101e-01, 6.2517075006806144e-01,
       6.0973061506594806e-01, 5.9631649192979985e-01,
       5.4942256957433300e-01, 4.6846374743627384e-01,
       4.5309372672851062e-01, 3.9883146853323054e-01,
       5.5848754112632037e-01, 6.1968048519477426e-01,
       5.5518031854066452e-01, 3.5610137253236490e-01,
       3.6080403680210404e-01, 8.5358440063090768e-01,
       6.4815329074155625e-01, 6.2696720669117267e-01,
       5.2883808963029810e-01, 6.0434894664709560e-01,
       4.9835170566623965e-01, 6.2381569581108365e-01,
       7.2557230831878639e-01, 4.6905277957677310e-01,
       6.3196387148294075e-01, 7.2025360184610310e-01,
       8.6689853731509170e-01, 7.1882180272764473e-01,
       5.4381990456588947e-01, 5.2686814138650229e-01,
       6.1772503586190197e-01, 5.3453403920844045e-01,
       6.3874375200683120e-01, 6.8684941250620268e-01,
       5.0967265948252916e-01, 1.3481093919545384e+00,
       1.2441000488271741e+00, 1.1147652515924591e+00,
       1.2161860017570751e+00, 3.6180229725461999e-01,
       4.9813073167656713e-01, 7.1516950757177788e-01,
       8.5045809197675371e-01, 5.6842823629425998e-01,
       6.4798327649380849e-01, 8.3909936800703655e-01,
       7.0949419068592690e-01, 5.2485843326746506e-01,
       8.1120078774679283e-01, 6.6199527964555901e-02, 0.,
       1.1481540940908714e+00, 1.0808175593092537e+00,
       6.7483285222517353e-01, 5.7819646221668075e-01,
       5.3255234110135063e-01, 5.9080739848547070e-01,
       1.0381427952654079e+00, 1.1508913653005781e+00,
       6.1705210094145679e-01, 6.3917224020486318e-01,
       3.8902667229709986e-01, 4.6187347345654872e-01,
       6.9029668832329438e-01, 7.1997877004841082e-01,
       6.7191108725672299e-01, 6.3777481737914499e-01,
       6.2436069424299678e-01, 6.8232770227600537e-01,
       5.6763454981917305e-01, 5.6161259654914220e-01,
       5.0369239892170603e-01, 6.8102851210355042e-01,
       5.9258251377517512e-01, 5.5107613704576974e-01,
       3.5610137253236490e-01, 3.8519029968314478e-01,
       1.0838924959161385e+00, 1.1301647052595321e+00,
       7.3081204279293810e-01, 5.2511028680502947e-01,
       6.5108928383575704e-01, 5.4705436803520890e-01,
       6.9961632959965214e-01, 8.5746134673374874e-01,
       6.0094181799173541e-01, 6.6000807379613768e-01,
       7.4236428158534740e-01, 9.1932900250932947e-01,
       9.9457231729059148e-01, 7.6090043398764662e-01,
       5.7716119199671734e-01, 6.9345580625735803e-01,
       5.8229047068381201e-01, 6.8751627776891278e-01,
       9.1369896852838073e-01, 1.0611147912486592e+00,
       1.0228699016971536e+00, 1.2021763354407935e+00,
       1.0440641378439059e+00, 1.3307782126008405e+00,
       4.0955872872999161e-01, 5.2403751940574139e-01,
       7.0377897373770715e-01, 1.1116894748384309e+00,
       6.1720076205634156e-01, 7.0041374168804627e-01,
       9.3336672523246011e-01, 9.5716876752413971e-01,
       9.2173409442312992e-01, 1.0495842623009066e+00,
       8.0707399374403993e-02, 0., 9.8414102744696552e-01,
       1.0785202183627984e+00, 7.5063348601374191e-01,
       6.8204129831844618e-01, 0., 0., 4.4093204787603441e-01,
       3.2809264808168459e-01, 0., 2.2431638109923446e-02,
       2.3551625208340275e-02, 1.8513588072879745e-02, 0.,
       2.0646853805096857e-02, 2.2431638109923446e-02, 0.,
       1.9711726417290285e-02, 0., 0., 0., 0., 0.,
       4.9982526122889233e-02, 0., 0., 2.0735218641625312e-02,
       2.2073665776265228e-01, 3.2580360850831136e-01, 0.,
       2.7097971419599270e-02, 2.2378187651216325e-02,
       2.7097971419599270e-02, 2.1361138858550715e-02,
       2.1361138858550715e-02, 0., 0., 2.5645751736127383e-02,
       2.2378187651216325e-02, 2.3292471312594776e-01,
       1.4475867438723555e-01, 0., 2.7097971419599270e-02,
       2.0646853805096857e-02, 0., 1.9968347565085437e-01,
       2.4407301172494056e-01, 9.9151924923086415e-02,
       2.2903586096823872e-02, 0., 0., 2.0646853805096857e-02, 0.,
       2.8331052742007684e-01, 2.1092251129843398e-01, 0., 0.,
       4.0050234847284046e-02, 6.6179216544449457e-02,
       1.6357631192683947e-01, 2.4079132849885937e-01,
       1.2539092729259618e-01, 2.9190249540533947e-01,
       5.0492591773373119e-02, 0., 4.4905829154846151e-02,
       2.2527641503629826e-02, 0., 0., 0., 0., 0., 0., 0., 0.,
       2.5808567256371078e-02, 0., 0., 0., 0., 0., 0., 0., 0., 0., 0.,
       0., 0., 0., 0., 0., 0., 0., 0., 0., 0., 0., 0., 0., 0., 0., 0.,
       0., 0., 0., 0., 0., 0., 0., 2.4421047487445887e-02,
       4.8842094974891774e-02, 2.5087961022806728e-02,
       2.5087961022806728e-02, 0., 2.5808567256371078e-02, 0., 0., 0.,
       0., 0., 0., 0., 0., 0., 0., 0., 2.5087961022806728e-02, 0., 0.,
       5.3255234110135063e-01, 5.9080739848547070e-01,
       1.1014648478743687e+00, 1.1182674574037073e+00,
       5.9125571711504488e-01, 5.6815303730079258e-01,
       3.8902667229709986e-01, 4.6187347345654872e-01,
       6.6448812106692334e-01, 7.1997877004841082e-01,
       6.7191108725672299e-01, 6.3777481737914499e-01,
       6.2436069424299678e-01, 6.8232770227600537e-01,
       5.6763454981917305e-01, 5.6161259654914220e-01,
       4.8115411778950457e-01, 6.8102851210355042e-01,
       5.6608460832926044e-01, 4.9867144387068074e-01,
       3.5610137253236490e-01, 3.8519029968314478e-01,
       1.1852678771937359e+00, 1.0836953693386380e+00,
       7.3081204279293810e-01, 5.2511028680502947e-01,
       6.5108928383575704e-01, 5.2451608690300744e-01,
       6.6737084981663719e-01, 8.2521586695073379e-01,
       6.0094181799173541e-01, 6.6000807379613768e-01,
       7.4547175218927331e-01, 9.1932900250932947e-01,
       9.4872878709833630e-01, 6.9546447593601157e-01,
       5.5125440426754302e-01, 6.9345580625735803e-01,
       5.8229047068381201e-01, 6.8751627776891278e-01,
       8.7854678579338685e-01, 1.0549378864754229e+00,
       1.2465834659222610e+00, 1.2077511510452841e+00,
       1.4099163214107790e+00, 1.5419496005261775e+00,
       4.0955872872999161e-01, 4.7232216442019603e-01,
       6.0244150218630810e-01, 8.1113596150820289e-01,
       5.9466248092414009e-01, 7.0041374168804627e-01,
       8.4799397566681467e-01, 8.7519928941725256e-01,
       8.5030812132237032e-01, 7.4709026091981523e-01, 0., 0.,
       1.5066194087219991e+00, 1.5334705327286848e+00,
       7.5063348601374191e-01, 6.8204129831844618e-01,
       5.3255234110135063e-01, 5.9080739848547070e-01,
       1.0837372311753117e+00, 1.0914686769180593e+00,
       5.5033759049943332e-01, 5.9058467541071602e-01,
       4.1257829750544012e-01, 4.8038706152942845e-01,
       6.6448812106692334e-01, 7.4062562385350772e-01,
       6.9434272536664643e-01, 6.3777481737914499e-01,
       6.4407242066028703e-01, 6.8232770227600537e-01,
       5.6763454981917305e-01, 5.6161259654914220e-01,
       4.8115411778950457e-01, 6.8102851210355042e-01,
       5.9318257974885957e-01, 4.9867144387068074e-01,
       3.5610137253236490e-01, 4.0592551832477008e-01,
       1.0973519865356653e+00, 1.0067053046626162e+00,
       7.3081204279293810e-01, 5.5220825822462882e-01,
       6.7346747148697339e-01, 5.5161405832260679e-01,
       6.8873198867518792e-01, 8.4657700580928452e-01,
       6.0094181799173541e-01, 6.6000807379613768e-01,
       7.4547175218927331e-01, 9.4170719016054583e-01,
       9.7818018230574832e-01, 9.1429347168820108e-01,
       5.5125440426754302e-01, 7.2055377767695727e-01,
       6.0293732448890891e-01, 6.8751627776891278e-01,
       9.6408605593224361e-01, 1.0328527186360006e+00,
       1.2962196189875526e+00, 1.2306547371421079e+00,
       1.4099163214107790e+00, 1.5419496005261775e+00,
       4.3020558253508850e-01, 4.7232216442019603e-01,
       7.7306399272124182e-01, 1.0099433627225904e+00,
       5.9466248092414009e-01, 7.0041374168804627e-01,
       8.9748060932790275e-01, 9.4137850596170192e-01,
       9.4089422131073186e-01, 9.7305266536048207e-01,
       2.4773349855248223e-02, 2.4364507298083246e-01,
       1.4561268169486259e+00, 1.5334705327286848e+00,
       7.7301167366495827e-01, 6.8204129831844618e-01,
       4.6740337188661545e-02, 2.3370168594330772e-02,
       2.4685251387708890e-01, 2.5460472797920991e-01,
       1.5873523287562008e-01, 5.9326761354947674e-02,
       8.7327346237302261e-02, 1.3193360617506200e-01,
       9.3480674377323089e-02, 1.1412752818241996e-01,
       7.1319925051872096e-02, 2.4579587863210552e-02,
       1.9711726417290285e-02, 0., 4.6740337188661545e-02, 0., 0.,
       7.0110505782992313e-02, 4.9982526122889233e-02,
       2.5906787729174301e-02, 0., 2.0735218641625312e-02,
       2.8829582785421498e-01, 2.3817425464680173e-01,
       2.3370168594330772e-02, 5.0468140013930046e-02,
       6.9118524839877876e-02, 5.0468140013930046e-02,
       2.3370168594330772e-02, 2.3370168594330772e-02,
       2.3370168594330772e-02, 0., 4.6821426618341648e-02,
       4.5829445675227204e-02, 1.5826132047530334e-01,
       2.0294688942253536e-01, 2.5906787729174301e-02,
       7.3838308608260822e-02, 4.4017022399427633e-02, 0.,
       2.8463404046710111e-01, 3.4429374998635615e-01,
       1.9728594550407413e-01, 1.6513198035623022e-01,
       1.5659967046219608e-01, 2.1407628167782114e-01,
       4.4017022399427633e-02, 2.5906787729174301e-02,
       2.2839404917399736e-01, 1.5908476380367065e-01,
       2.3451258024010876e-02, 2.3451258024010876e-02,
       1.8261065076802271e-01, 9.4182283607646369e-02,
       3.1115774040757915e-01, 2.5083792960820339e-01,
       2.9980974061444304e-01, 3.8080920421996650e-01,
       2.3669046186268117e-01, 9.4072940162472404e-02,
       6.8275997749176920e-02, 4.5897810097960595e-02, 0., 0.,
       1.7088352019348610e-01, 3.9594591784588762e-01,
       2.5796383826411962e-02, 5.7494248253377178e-02,
       6.3957177642971486e-02, 8.5193268986400450e-02,
       2.5808567256371078e-02, 2.0646853805096857e-02,
       4.7011225973133994e-02, 2.4579587863210552e-02,
       1.9711726417290285e-02, 0., 0., 0., 0., 0.,
       2.7097971419599270e-02, 2.5906787729174301e-02, 0., 0.,
       3.9374880092215819e-01, 4.1551762042365720e-01, 0.,
       2.7097971419599270e-02, 2.2378187651216325e-02,
       2.7097971419599270e-02, 5.3606618641565670e-02,
       5.3606618641565670e-02, 0., 0., 2.3451258024010876e-02,
       4.5829445675227204e-02, 3.8994511317479114e-01,
       3.8246120194405192e-01, 2.5906787729174301e-02,
       2.7097971419599270e-02, 2.0646853805096857e-02, 0.,
       5.1459680785278472e-01, 2.9973374523633445e-01,
       1.4466522983769659e-01, 1.5640494284880782e-01,
       8.3301909018465889e-02, 7.4999952322456154e-02,
       2.0646853805096857e-02, 5.1715354985545380e-02,
       4.1150057980916738e-01, 3.5406843261102422e-01,
       2.3451258024010876e-02, 2.3451258024010876e-02,
       1.2588277206154050e-01, 1.2827929437432098e-01,
       4.5627801227510395e-01, 4.4300047530408537e-01,
       3.2026300964434851e-01, 2.1638411136934968e-01, 0.,
       7.2377176094018086e-02, 2.2378187651216325e-02, 0.,
       2.4167122544585648e-01, 1.5797545926702103e-01,
       4.9499772445700213e-01, 3.9099566523612284e-01,
       2.5943849172744643e-01, 2.7087825841490637e-01,
       6.3263948580927473e-02, 1.8943242190342369e-01,
       8.4014944159865504e-02, 1.5783467133897916e-01,
       4.8132601953083270e-01, 4.1515074972829796e-01,
       4.5662961573785743e-01, 4.7364867301255958e-01,
       2.1755879628573904e-01, 2.7351968458290782e-01,
       3.6797616261055122e-01, 4.1062261442368536e-01,
       3.8262762743817536e-01, 2.8426159536924256e-01,
       8.7672883592021619e-02, 1.9324995032609488e-01,
       3.2952543499089987e-01, 3.8143965767309634e-01,
       3.1944539790810300e-01, 1.0526728928427975e-01,
       3.5474301411549347e-01, 3.6133062281346678e-01,
       3.9279031873937398e-01, 3.6443588595812026e-01,
       3.4046424472604475e-01, 2.0387850046216291e-01,
       3.2678053085315162e-01, 3.3343660895954824e-01,
       4.6958330008859661e-01, 3.1688520946077836e-01,
       2.8454528263966578e-01, 4.8040914229986476e-01,
       1.6520574801289795e-01, 3.2313586301981229e-01,
       3.2359107245730478e-01, 3.4796289820263704e-01,
       5.7439210436939026e-01, 7.4647551292660541e-01,
       1.1408672630763594e+00, 1.1651027559668943e+00,
       2.3518914570686728e-01, 2.4637387973587704e-01,
       2.7829100315820454e-01, 3.6413163040363339e-01,
       4.2108682042151663e-01, 4.4942199912203384e-01,
       6.2847867199374452e-01, 6.8287328650344181e-01,
       4.0682515533084035e-01, 3.3298488994264080e-01, 0., 0.,
       1.3857159272720656e+00, 1.2895274031713404e+00,
       3.8278721642869040e-01, 3.1565994214672177e-01,
       2.1594952435942533e-01, 1.8468422337482765e-01,
       5.7224944048268800e-01, 5.4395244575431900e-01,
       2.6176099295421223e-01, 2.9758702252271296e-01,
       6.3263948580927473e-02, 1.4065989614134211e-01,
       5.9628681278824702e-02, 1.5783467133897916e-01,
       4.8132601953083270e-01, 4.4185951383610456e-01,
       5.1004714395347062e-01, 4.7829367546609114e-01,
       1.9317253340469825e-01, 2.4913342170186703e-01,
       3.1369771566747412e-01, 4.1294511565045117e-01,
       3.8108133057089311e-01, 3.3533085033894122e-01,
       5.9628681278824702e-02, 1.4081948513185716e-01,
       6.6745694760004326e-01, 6.3908394372010624e-01,
       2.9372369682167188e-01, 1.3197605339208635e-01,
       4.0816054233110666e-01, 3.3143843875143048e-01,
       3.4035985354513626e-01, 3.3871418487168919e-01,
       2.5998957721861010e-01, 2.0387850046216291e-01,
       3.5164131321211889e-01, 3.0905034607850745e-01,
       3.7500471126507229e-01, 3.5532320727649491e-01,
       3.1277457159560584e-01, 4.5102950178127749e-01,
       1.4081948513185716e-01, 2.4631913494453375e-01,
       4.8491928032104203e-01, 4.8200249435264614e-01,
       5.2996101776881532e-01, 3.6453554194721133e-01,
       4.9795546322178730e-01, 6.9404794148772264e-01,
       2.1080288282582649e-01, 2.7228066746505136e-01,
       3.0682388216073120e-01, 3.3260636511140995e-01,
       3.9485257579163646e-01, 4.2503573624099306e-01,
       5.1915647599195824e-01, 5.4013539303121694e-01,
       5.5605535494210301e-01, 4.7325178675006735e-01,
       4.6841315823238874e-02, 4.1471017009370351e-02,
       3.3983423791837952e-01, 5.9853795514319985e-01,
       3.5840095354764961e-01, 3.1798244337348758e-01,
       4.9733259483362019e-01, 4.9230103150675930e-01,
       1.0623883282076614e+00, 1.0245225892867560e+00,
       5.4089155592806148e-01, 4.1423811942757299e-01,
       3.2576272371617238e-01, 4.6178294298418332e-01,
       6.5505426992551052e-01, 6.5671482146748339e-01,
       5.0758116349342042e-01, 3.5246154426710102e-01,
       3.7657484990729656e-01, 4.5727076600538569e-01,
       4.3393110870278451e-01, 4.0704049707409029e-01,
       4.1236157589752820e-01, 4.4884137613850383e-01,
       3.8991786060044764e-01, 3.7209820244871905e-01,
       3.2085895413458104e-01, 3.0019826313141834e-01,
       1.4338773559543005e+00, 1.3475006152800006e+00,
       5.6906439936335251e-01, 5.2511028680502947e-01,
       5.3585776866077361e-01, 4.8379041945428142e-01,
       4.9169658258771182e-01, 7.3440019655649691e-01,
       4.1112730011889964e-01, 5.2630463267974914e-01,
       5.5925148325038554e-01, 8.6665208120584536e-01,
       9.2201994335587234e-01, 9.5611697402227358e-01,
       3.3986791027099966e-01, 6.0932319931776735e-01,
       4.7656321549046021e-01, 5.1137220217015322e-01,
       1.2113376450787081e+00, 1.0647486432410174e+00,
       1.0682622914712412e+00, 1.1135006691198748e+00,
       1.4207709074394492e+00, 1.5423223687531513e+00,
       3.3909656406447714e-01, 3.2194131181770091e-01,
       1.0677612826856477e+00, 1.3052764269200314e+00,
       4.7888170452071349e-01, 4.6356564504365355e-01,
       8.5098526527255924e-01, 7.2697278924117070e-01,
       1.2482344077059560e+00, 1.1924855510058590e+00,
       1.1304470789688356e-01, 1.4130588487110446e-01,
       1.2776662074774550e+00, 1.3203290012810567e+00,
       5.3355830522516479e-01, 5.5551340115659120e-01,
       2.0669867914510118e-01, 3.9775284575666880e-01,
       8.0187277158381298e-01, 7.7110322777582185e-01,
       2.4761285430431998e-01, 2.1372839948577926e-01,
       1.6204285314891770e-01, 2.5029342535364568e-01,
       4.2596333240318801e-01, 3.7808627787324678e-01,
       1.7422372066084463e-01, 1.3863495612262386e-01,
       9.3095309065002893e-02, 1.2215215695340151e-01,
       2.1072021127433482e-01, 1.4875930428002054e-01,
       1.6195048094103495e-01, 1.8620152659658656e-01,
       2.1055495231068444e-01, 2.3287049060228093e-01,
       1.8655758637027328e-01, 1.7728521031662103e-01,
       8.1415962633474981e-01, 7.5588676019958767e-01,
       2.8623230615974293e-01, 2.1556043205058881e-01,
       1.9392733459316375e-01, 1.7372876346192431e-01,
       1.7615495645997767e-01, 2.1284477205563762e-01,
       1.2114396557947688e-01, 3.3332870312209112e-01,
       2.9355688261102947e-01, 4.0559591636242553e-01,
       7.1180655082544197e-01, 6.3297677555278808e-01,
       1.4158575018922781e-01, 2.1343587126928601e-01,
       3.8024693678698163e-01, 2.9034110301285565e-01,
       7.0918968848824027e-01, 8.5312778481772167e-01,
       6.8978433995898003e-01, 1.0448282445601205e+00,
       4.7991863915633864e-01, 5.9757377949576873e-01,
       1.7847273206744829e-01, 8.7993112227664608e-02,
       7.0133793703822800e-01, 7.6093457669186992e-01,
       1.4047728369463502e-01, 1.9349613559054049e-01,
       7.7551651046641423e-01, 8.9797166459279198e-01,
       6.9200181134055283e-01, 6.8885627817121409e-01,
       1.2673495119818262e-01, 1.7755339882554419e-01,
       6.5241148108970792e-01, 6.2650175883703940e-01,
       1.4663079204232504e-01, 2.8219891966133115e-01, 0., 0.,
       2.7889447468363131e-02, 1.7261705764583726e-01,
       8.6198511860546584e-02, 6.5091206875305604e-02, 0.,
       6.6679680913520695e-02, 0., 2.0646853805096857e-02, 0., 0., 0.,
       0., 0., 0., 0., 0., 0., 0., 0., 4.2829500648600360e-02,
       2.0825889464920058e-01, 1.9589300693227463e-01, 0., 0., 0., 0.,
       0., 0., 0., 0., 2.5645751736127383e-02, 0.,
       1.0780932355419520e-01, 2.0527317015223839e-01, 0., 0.,
       2.0646853805096857e-02, 0., 8.9350516824783163e-02,
       7.8716215300475983e-02, 1.4454484863019987e-01,
       1.4228358824234316e-01, 8.3301909018465889e-02,
       1.0189932225906037e-01, 2.0646853805096857e-02, 0.,
       1.1387914937396622e-01, 1.3935408927123172e-01, 0., 0.,
       1.0494702384578568e-01, 5.1506771320845510e-02,
       1.0376508298748219e-01, 5.9662142840154149e-02,
       7.1614665678487094e-02, 3.7237234480062692e-02,
       2.9493108806592006e-02, 3.8504217211895758e-02, 0., 0.,
       3.1660281674192542e-01, 4.0612317511064300e-01,
       7.9239454480850358e-01, 7.8205607390001519e-01,
       3.1437298137163316e-01, 3.0562862492153337e-01,
       3.2576272371617238e-01, 3.2121357731520661e-01,
       6.0485943978809853e-01, 5.6214409870943161e-01,
       1.9058506772589043e-01, 1.9591530354304065e-01,
       1.1431355028952628e-01, 2.0403402680991420e-01,
       3.7446201641447485e-01, 3.1247917484727522e-01,
       1.8999468325423188e-01, 2.6808339645309931e-01,
       2.1150118320428210e-01, 2.1574528670682849e-01,
       2.9647269125354020e-01, 2.4437081455128762e-01,
       6.0921886434256955e-01, 5.2353683920633609e-01,
       4.3708834597126617e-01, 3.9313423341294323e-01,
       2.4292874150465055e-01, 2.1561592928377835e-01,
       3.4837213513005166e-01, 5.0786282093759527e-01,
       3.4095224077312536e-01, 4.5612957333397486e-01,
       4.1636872010935577e-01, 6.1027865643082202e-01,
       6.1294431347503786e-01, 5.3976523071798443e-01,
       2.6438662040111149e-01, 2.4242630447608057e-01,
       4.4147098555195474e-01, 4.4119714282437894e-01,
       6.6343663392115537e-01, 7.4774526815063214e-01,
       6.8827891141324749e-01, 8.3734147981768070e-01,
       6.5200519498590748e-01, 7.8760248673442901e-01,
       1.9875584590416509e-01, 2.2594828468431893e-01,
       5.5660544266851419e-01, 7.7924516064565730e-01,
       2.2234818626470504e-01, 2.7537800544705321e-01,
       4.7489508536798808e-01, 2.8905270735363964e-01,
       6.5029660210376872e-01, 5.5137019668616483e-01,
       6.0535423233626727e-02, 0., 6.8742271717286030e-01,
       7.0883258794906623e-01, 3.9223253246609247e-01,
       3.6405885494495849e-01, 0., 0., 1.2001728019575003e-01,
       3.2755178956091889e-02, 0., 3.5956592760616898e-02, 0.,
       1.8513588072879745e-02, 0., 2.0646853805096857e-02,
       2.4579587863210552e-02, 2.4579587863210552e-02, 0., 0., 0., 0.,
       0., 0., 0., 0., 0., 0., 0., 4.4674505723353804e-02, 0., 0.,
       2.2378187651216325e-02, 0., 0., 0., 0., 0., 0.,
       2.2378187651216325e-02, 0., 2.3845719717276830e-02, 0., 0.,
       2.0646853805096857e-02, 0., 0., 0., 2.4325988890494754e-02, 0.,
       5.0855831990207927e-02, 0., 2.0646853805096857e-02, 0., 0.,
       3.0228376663881888e-02, 0., 0., 4.0050234847284046e-02,
       1.9869400277015718e-02, 2.2192645765152254e-02, 0., 0.,
       3.5619174349014265e-02, 0., 0., 4.4905829154846151e-02,
       2.2527641503629826e-02, 2.5494729375633570e-02,
       7.6484188126900707e-02, 1.9495053384667976e-01,
       1.7313696920041538e-01, 2.5494729375633570e-02,
       5.0989458751267140e-02, 1.0197891750253428e-01, 0.,
       7.6484188126900707e-02, 5.0989458751267140e-02, 0.,
       2.5494729375633570e-02, 0., 0., 0., 5.0989458751267140e-02,
       7.6484188126900707e-02, 2.5494729375633570e-02, 0., 0.,
       7.6484188126900707e-02, 0., 2.7107992996142127e-01,
       2.0799809517201948e-01, 2.5494729375633570e-02,
       2.5494729375633570e-02, 0., 2.5494729375633570e-02,
       2.5494729375633570e-02, 2.5494729375633570e-02, 0.,
       7.6484188126900707e-02, 0., 5.0989458751267140e-02,
       2.2636427899771649e-01, 2.0950761080828212e-01,
       5.0989458751267140e-02, 0., 2.5494729375633570e-02,
       1.0197891750253428e-01, 3.4438762082333657e-01,
       2.0016622481120147e-01, 5.5171110416681116e-02,
       2.8438543448213418e-02, 0., 0., 0., 2.5494729375633570e-02,
       2.2122457686282659e-01, 1.2146716318896240e-01,
       2.5494729375633570e-02, 0., 5.7621024162820472e-02,
       1.2070028400990704e-01, 2.9914336759669496e-01,
       3.0148380245191897e-01, 0., 0., 0., 0., 2.5494729375633570e-02,
       5.0989458751267140e-02, 4.8772525762081610e-02,
       2.4386262881040805e-02, 4.6882149534439754e-01,
       4.7247705676625840e-01, 1.3638115856799937e-01,
       8.1880511134417994e-02, 6.3957177642971486e-02,
       8.5193268986400450e-02, 2.4386262881040805e-02,
       4.5033116686137659e-02, 7.1397488854174809e-02,
       2.4579587863210552e-02, 4.8772525762081610e-02,
       2.4386262881040805e-02, 2.4386262881040805e-02,
       2.4386262881040805e-02, 2.4386262881040805e-02,
       4.8772525762081610e-02, 9.6043343346412374e-02,
       5.0293050610215106e-02, 2.4386262881040805e-02,
       2.0735218641625312e-02, 3.4880238018112758e-01,
       4.7293036699127083e-01, 0., 0., 7.3158788643122419e-02, 0.,
       1.2676540728468810e-01, 7.7992881522606472e-02, 0., 0.,
       4.9097009760138255e-02, 2.3451258024010876e-02,
       3.1867460938880315e-01, 3.5110386152120371e-01,
       7.4679313491255908e-02, 2.4386262881040805e-02,
       2.0646853805096857e-02, 0., 3.9061640157768290e-01,
       3.4620576526031183e-01, 2.5419749988264340e-01,
       1.8410128853846874e-01, 2.6761405835850260e-01,
       3.2953878648521284e-01, 2.0646853805096857e-02,
       2.5906787729174301e-02, 3.1644924668226881e-01,
       1.8931314046755252e-01, 2.3451258024010876e-02,
       4.7837520905051681e-02, 3.2168895222276211e-01,
       1.9887445763212785e-01, 3.7666891353923937e-01,
       3.4762078911532207e-01, 3.6034516384806975e-01,
       1.6442509285061691e-01, 1.8579995080954095e-01,
       4.6764081039752409e-01, 7.1300167265711437e-02,
       4.6913904384670635e-02, 0., 2.8044202313196924e-02,
       1.1211519546163359e-01, 2.5943165435513527e-01,
       1.1199489568695854e-01, 3.5062610143453736e-02,
       4.0405552434631210e-02, 6.6679680913520695e-02,
       2.5808567256371078e-02, 2.8044202313196924e-02,
       2.4579587863210552e-02, 5.2623790176407476e-02,
       2.8044202313196924e-02, 8.4132606939590765e-02,
       2.8044202313196924e-02, 8.4132606939590765e-02,
       5.6088404626393848e-02, 2.8044202313196924e-02,
       2.2884554703289962e-02, 8.1995192355568153e-02, 0.,
       2.0735218641625312e-02, 2.6744909405726291e-01,
       1.8242240857383676e-01, 5.6088404626393848e-02, 0., 0.,
       2.8044202313196924e-02, 6.0289682096211876e-02,
       1.1637808672260572e-01, 8.4132606939590765e-02,
       2.8044202313196924e-02, 0., 2.8044202313196924e-02,
       5.6844799726448347e-02, 1.7128889487482246e-01,
       2.5906787729174301e-02, 5.6088404626393848e-02, 0., 0.,
       1.8826059572116263e-01, 9.1052965610538453e-02,
       1.7254783148040659e-01, 2.6833734625352307e-01,
       3.2875585992803236e-01, 3.9979982848277273e-01, 0.,
       5.1715354985545380e-02, 6.3311921919595476e-02,
       1.0429579435144827e-01, 0., 2.8044202313196924e-02,
       1.5716345694125372e-01, 1.9782094879059667e-01,
       1.8801575743408627e-01, 1.6420102347366983e-01,
       1.0548074922965223e-01, 6.8731978620853132e-02,
       3.7047660996260429e-01, 5.1515408855155320e-01,
       2.8044202313196924e-02, 5.6088404626393848e-02,
       1.0097601924552177e-01, 1.5562341742894503e-01,
       4.5710773235082519e-01, 4.7941495055680577e-01,
       7.6589756364480968e-02, 1.2451612385003798e-01,
       1.3002311981573120e-01, 6.1641643778060168e-02,
       1.0087045100794152e-01, 1.2406677775060174e-01,
       4.6817900990964251e-02, 8.0247695796637084e-02,
       1.7799018502137892e-01, 1.6193639803624474e-01,
       5.2430465194237733e-02, 1.5950832857189873e-01,
       1.5695885563433537e-01, 1.5706442387191563e-01,
       7.3158788643122419e-02, 1.0718343161524123e-01,
       1.0087045100794152e-01, 0., 4.3697726336490700e-01,
       7.2866760587198276e-01, 1.0829189810983400e-01,
       5.2203493483440160e-02, 1.2657631685873560e-01,
       5.3538931688830491e-02, 1.7610306150370053e-01,
       2.1012770447581938e-01, 8.4132606939590765e-02,
       1.0452839044009764e-01, 1.0624842675821131e-01,
       1.0248491908847494e-01, 3.8514950945832560e-01,
       3.9927527834233822e-01, 1.2647074862115534e-01,
       1.3522763392843817e-01, 4.6141583180730431e-02,
       1.0197891750253428e-01, 5.2518984440741068e-01,
       4.0430773485649385e-01, 7.5313130487316315e-01,
       4.0654844882628649e-01, 7.9829993079746087e-01,
       7.4361024897411354e-01, 2.0646853805096857e-02,
       2.5494729375633570e-02, 3.6463589554267684e-01,
       5.2063121630618792e-01, 1.0503439202603829e-01,
       1.3197012784464246e-01, 5.3745347224515849e-01,
       5.1744877330884298e-01, 4.8202794785530667e-01,
       5.7012862964899302e-01, 1.6092157550395467e-01, 0.,
       7.5642782316981638e-01, 7.5885937686798366e-01,
       1.2483909895454193e-01, 1.8070053187013821e-01,
       7.1126600069702339e-02, 2.3370168594330772e-02,
       1.3640010562637153e-01, 2.9648870882907508e-01,
       2.2403962237227243e-01, 5.8432778737784505e-02,
       2.3370168594330772e-02, 1.6219254386426385e-01,
       1.4367550451473496e-01, 9.3480674377323089e-02,
       7.1319925051872096e-02, 2.4579587863210552e-02, 0.,
       4.8772525762081596e-02, 7.1126600069702339e-02,
       2.4386262881040798e-02, 7.1310806894283027e-02,
       9.4496768664033115e-02, 2.6497905445914693e-02,
       5.2404693175088994e-02, 0., 2.4386262881040798e-02,
       2.3538399207954941e-01, 2.2107067281007714e-01,
       4.7756431475371570e-02, 2.3370168594330772e-02,
       4.6740337188661545e-02, 7.0294712607573001e-02,
       8.0001911258386516e-02, 8.0001911258386529e-02,
       4.7756431475371570e-02, 0., 9.3745970631583880e-02,
       4.7837520905051674e-02, 1.1913489104535518e-01,
       2.1544944678299072e-01, 5.0293050610215100e-02,
       4.6740337188661545e-02, 4.7756431475371570e-02,
       4.8772525762081596e-02, 1.2649095783869974e-01,
       7.2174783918186991e-02, 1.6830716998515988e-01,
       3.7421968634616648e-01, 2.2718082911115944e-01,
       3.2723498821229746e-01, 4.7756431475371570e-02,
       5.1715354985545380e-02, 1.6108860277243861e-01,
       3.3182246674660876e-01, 9.4762064918293906e-02,
       4.7837520905051674e-02, 1.9068235753638457e-01,
       1.2564014905134066e-01, 2.3031650881726684e-01,
       8.9850525002764942e-02, 1.0035736996936283e-01, 0.,
       4.6410778864077812e-01, 3.2198780714769032e-01,
       4.7756431475371570e-02, 4.7756431475371570e-02,
       9.5512862950743155e-02, 4.7756431475371577e-02,
       6.3462279904490437e-01, 7.5136023397150487e-01,
       1.8312149575666092e-01, 7.0188069585295026e-02,
       8.7327346237302261e-02, 1.1342001810218225e-01,
       1.1786693725836390e-01, 1.1786693725836390e-01,
       9.3558238179625802e-02, 0., 4.8772525762081610e-02,
       2.4386262881040805e-02, 7.1126600069702353e-02,
       2.4386262881040805e-02, 4.6924544013242232e-02,
       1.1888303154507393e-01, 9.6043343346412374e-02,
       2.4386262881040805e-02, 2.4386262881040805e-02, 0.,
       6.3643791749191059e-01, 8.5786638775013491e-01,
       2.3370168594330772e-02, 2.3370168594330772e-02,
       1.1989912583178397e-01, 4.5908449726532199e-02,
       9.6528957237453195e-02, 4.7756431475371577e-02,
       2.3370168594330772e-02, 0., 6.9359707750543079e-02,
       2.3451258024010876e-02, 7.8268300608764863e-01,
       6.1182791115159063e-01, 4.8772525762081610e-02,
       7.1126600069702353e-02, 2.3370168594330772e-02, 0.,
       6.4732091689188864e-01, 9.6392084324689498e-01,
       3.2275518213021032e-01, 4.8137207126147158e-01,
       8.0773930733127397e-01, 8.1220512467727835e-01,
       2.3370168594330772e-02, 0., 6.1474188435057564e-01,
       5.2345300986663579e-01, 4.5989539156212303e-02,
       4.7837520905051681e-02, 3.9181451744351464e-01,
       2.2000251606540053e-01, 7.7785517739703747e-01,
       7.0053666347018440e-01, 3.6034516384806975e-01,
       2.5313128794997786e-01, 9.1710990483956378e-01,
       1.0168350211644184e+00, 9.4670335860042198e-02,
       7.0284072979001411e-02, 4.8377981533926911e-01,
       5.6642113560442986e-01, 9.3244972950018912e-01,
       9.2246532080600308e-01, 5.2595132761839258e-01,
       5.4376677441975174e-01, 3.8902667229709986e-01,
       4.6187347345654872e-01, 6.4010185818588261e-01,
       6.9559250716737009e-01, 6.4752482437568215e-01,
       6.3777481737914499e-01, 5.7558816848091521e-01,
       6.5794143939496452e-01, 5.4324828693813232e-01,
       5.3722633366810135e-01, 4.5676785490846378e-01,
       6.3225598634146885e-01, 4.9292581968613813e-01,
       4.7428518098963995e-01, 3.3171510965132411e-01,
       3.8519029968314478e-01, 8.3619907672959570e-01,
       7.6530672764305041e-01, 7.3081204279293810e-01,
       5.2511028680502947e-01, 5.7793049519263473e-01,
       5.2451608690300744e-01, 5.9421206117351477e-01,
       8.0082960406969295e-01, 6.0094181799173541e-01,
       6.6000807379613768e-01, 7.1982600045314604e-01,
       9.1932900250932947e-01, 8.5012603315427182e-01,
       7.2780643110467935e-01, 5.0248187850546144e-01,
       6.6906954337631719e-01, 5.8229047068381201e-01,
       6.8751627776891278e-01, 8.7322234354330941e-01,
       8.9139536854025703e-01, 1.1048224301341341e+00,
       1.0449618618792906e+00, 9.6571292740654124e-01,
       1.0984326580354327e+00, 4.0955872872999161e-01,
       4.7232216442019603e-01, 5.5581048708155789e-01,
       8.4343715156779642e-01, 5.9466248092414009e-01,
       6.7602747880700542e-01, 7.6641216537989632e-01,
       7.9623806288491283e-01, 8.6078312622126230e-01,
       7.4127194046442868e-01, 0., 0., 8.2741098508203570e-01,
       9.2301479505454187e-01, 7.0186096025166045e-01,
       6.5765503543740533e-01, 2.5494729375633570e-02,
       7.6484188126900707e-02, 0., 3.2941374143473416e-02,
       2.5494729375633570e-02, 5.0989458751267140e-02,
       1.0197891750253428e-01, 4.2065213281220024e-02,
       7.6484188126900707e-02, 5.0989458751267140e-02, 0.,
       2.5494729375633570e-02, 1.9711726417290285e-02, 0., 0.,
       5.0989458751267140e-02, 9.9022469259102144e-02,
       2.5494729375633570e-02, 4.9382460149204652e-02,
       5.2404693175088994e-02, 7.6484188126900707e-02,
       6.3564719290225669e-02, 1.6491438125106814e-01,
       1.1892100334977346e-01, 2.5494729375633570e-02,
       2.5494729375633570e-02, 0., 4.8033010507834997e-02,
       4.6855868234184285e-02, 4.6855868234184285e-02, 0.,
       7.6484188126900707e-02, 2.2538281132201427e-02,
       5.0989458751267140e-02, 1.0269393117372014e-01,
       6.0110828875375437e-02, 7.6896246480441438e-02, 0.,
       2.5494729375633570e-02, 1.0197891750253428e-01,
       5.9477125811910711e-02, 6.9522919052541987e-02,
       1.4913175874863469e-01, 2.2873978180832497e-01,
       3.5873053888816497e-01, 2.9313415465886217e-01, 0.,
       5.1401517104807871e-02, 1.1227621830541104e-01,
       2.6213025036492166e-01, 4.8033010507834997e-02, 0.,
       2.1894379968899935e-01, 2.1244751126895739e-01,
       1.7687474870468581e-01, 1.8896081587314548e-01,
       1.0548074922965223e-01, 2.7260961611482778e-02,
       1.2452698158466316e-01, 1.7645367160641071e-01,
       4.8022370879263393e-02, 7.3517100254896967e-02,
       5.3255234110135063e-01, 5.9080739848547070e-01,
       1.1726068776715977e+00, 1.0890073549315193e+00,
       5.5033759049943332e-01, 5.9818163403264435e-01,
       3.6098246998390293e-01, 4.6187347345654872e-01,
       6.6448812106692334e-01, 7.1997877004841082e-01,
       6.7191108725672299e-01, 6.3777481737914499e-01,
       6.1602821834709010e-01, 6.8232770227600537e-01,
       5.6763454981917305e-01, 5.6161259654914220e-01,
       4.8115411778950457e-01, 6.5298430979035349e-01,
       5.6608460832926044e-01, 4.9867144387068074e-01,
       3.5610137253236490e-01, 4.2801980033174514e-01,
       1.2806785200214252e+00, 1.2248858070561648e+00,
       7.3081204279293810e-01, 5.2511028680502947e-01,
       6.5108928383575704e-01, 5.2451608690300744e-01,
       6.6068778636199099e-01, 8.1853280349608759e-01,
       6.0094181799173541e-01, 6.6000807379613768e-01,
       6.6373759582675218e-01, 9.1932900250932947e-01,
       1.1133101330190507e+00, 1.0198539187802915e+00,
       5.5125440426754302e-01, 6.6541160394416121e-01,
       5.8229047068381201e-01, 6.8751627776891278e-01,
       1.2475246170014778e+00, 1.2155914918550592e+00,
       1.2370445464329476e+00, 1.1669446822493637e+00,
       1.0442712159673304e+00, 1.1769909465962216e+00,
       4.0955872872999161e-01, 4.7232216442019603e-01,
       8.7948227057061557e-01, 1.2912450810546927e+00,
       5.3857407629774623e-01, 6.4432533706165240e-01,
       8.0839813646998238e-01, 8.0355508947673282e-01,
       1.1126437095020871e+00, 1.1906623211379299e+00, 0.,
       3.7237234480062692e-02, 9.0596927364282465e-01,
       9.6229393933493645e-01, 7.5063348601374191e-01,
       6.8204129831844618e-01, 0., 0., 2.9070400879656583e-01,
       1.6517593905213279e-01, 0., 2.2431638109923446e-02,
       6.3957177642971486e-02, 1.8513588072879745e-02, 0.,
       2.0646853805096857e-02, 2.2431638109923446e-02, 0.,
       1.9711726417290285e-02, 0., 0., 0., 0., 0.,
       4.9982526122889233e-02, 0., 0., 0., 2.5531490817952313e-01,
       3.0132758493170525e-01, 0., 2.7097971419599270e-02,
       2.2378187651216325e-02, 2.7097971419599270e-02,
       2.1361138858550715e-02, 2.1361138858550715e-02, 0., 0.,
       2.3451258024010876e-02, 4.5829445675227204e-02,
       2.4825631049549135e-01, 2.4733655394207937e-01, 0.,
       2.7097971419599270e-02, 2.0646853805096857e-02, 0.,
       2.7932444086068042e-01, 2.2926862118799760e-01,
       9.5183187037698402e-02, 4.8445874431843367e-02,
       2.5087961022806728e-02, 2.5087961022806728e-02,
       2.0646853805096857e-02, 0., 2.2265139284084970e-01,
       1.2159679374976989e-01, 2.3451258024010876e-02,
       2.3451258024010876e-02, 9.6823405760787906e-02,
       6.6179216544449457e-02, 1.2954618833194659e-01,
       2.2064954744559265e-01, 2.4215819093194149e-01,
       2.6464153379385674e-01, 8.2995400112277420e-02,
       2.5087961022806728e-02, 4.4905829154846151e-02,
       2.2527641503629826e-02, 0., 0., 5.6501590301073448e-02,
       2.5547593887325051e-02, 0., 7.1019202904070627e-02, 0., 0., 0.,
       0., 0., 0., 0., 0., 0., 0., 0., 0., 0., 0., 0., 0.,
       8.0762123667531480e-02, 3.0263237934872535e-02, 0., 0., 0., 0.,
       0., 0., 0., 0., 0., 0., 7.8012119211100517e-02,
       8.7590832275083103e-02, 0., 0., 0., 0., 2.4619368154896687e-01,
       1.9633825761504192e-01, 4.1861168983227073e-02, 0., 0., 0., 0.,
       0., 9.1412865584495837e-02, 3.0470955194831947e-02, 0., 0.,
       2.8508146815024962e-02, 2.5730947492141693e-02,
       2.0718664156399377e-01, 1.6414730012275910e-01, 0., 0., 0., 0.,
       0., 0., 0., 1.1444150814435217e-01, 1.9137058428501152e-01,
       5.4626110393259500e-02, 0., 5.7494248253377178e-02,
       2.3551625208340275e-02, 5.1880718250322699e-02, 0.,
       2.0646853805096857e-02, 2.2431638109923446e-02, 0.,
       1.9711726417290285e-02, 0., 0., 0., 0., 0., 0.,
       8.6099373850463054e-02, 0., 4.2829500648600360e-02,
       1.6066548441853790e-01, 3.8271397771614375e-02, 0., 0.,
       9.6177650951613236e-02, 0., 2.1361138858550715e-02,
       2.1361138858550715e-02, 0., 0., 2.5645751736127383e-02,
       2.2378187651216325e-02, 1.2635226040215009e-01,
       7.8340236306518068e-02, 0., 0., 2.0646853805096857e-02, 0.,
       4.5399186607603823e-02, 1.1114536717766002e-01,
       3.5559397088492717e-01, 6.3024016218543411e-01,
       5.4127922314154875e-01, 5.4509542752158813e-01,
       2.0646853805096857e-02, 0., 2.2105498482424424e-01,
       2.2738004362174138e-01, 0., 0., 3.9276478125536141e-01,
       3.4411528362844968e-01, 3.3753066850017374e-02,
       6.3716446782605726e-02, 6.6199527964555901e-02,
       4.1471017009370351e-02, 5.7446542875882645e-01,
       3.7656555695013860e-01, 2.2378187651216325e-02, 0.,
       1.5681768688842679e-01, 2.0682714948541595e-01,
       2.5946564442530584e-01, 3.0606902584888818e-01,
       1.5681373543203411e-01, 1.1918538935196683e-01,
       1.0046948808101464e-01, 1.9170539462246142e-01,
       2.9928431413887546e-01, 3.2709681912197963e-01,
       1.9665535877076806e-01, 1.1314022674699029e-01,
       7.3383582647712609e-02, 7.3379631191319905e-02,
       1.8633394839329404e-01, 7.3383582647712609e-02,
       3.6693767052052649e-02, 1.3632053433991220e-01,
       2.0634153559437513e-01, 1.4677111675181789e-01,
       1.1007339824337256e-01, 1.3080466542860517e-01,
       3.0985221724924611e-01, 2.8606335995796250e-01,
       2.3635131390306854e-01, 1.6296773125535596e-01,
       1.4250605894398316e-01, 9.6749799785650681e-02,
       1.2627396420330331e-01, 1.6296377979896326e-01,
       9.6757702698436074e-02, 2.5684451499519045e-01,
       2.6697612601787218e-01, 3.7604964040534478e-01,
       2.7597836090926753e-01, 1.4796681315025162e-01,
       6.6210028556919875e-02, 1.8633789984968674e-01,
       3.3036594453030721e-01, 1.3958965974823978e-01,
       1.6676799017326560e-01, 4.7135942691647092e-01,
       1.4284835816283253e-01, 2.8830201012605861e-01,
       3.4798917714337418e-01, 3.5656752553122978e-01,
       1.5408646918640750e-01, 3.6689815595659953e-02,
       1.5015545218679888e-01, 3.0380712820878064e-01,
       8.9661286580930755e-02, 1.9256113073351058e-01,
       2.4552585420313611e-01, 8.9534518212215197e-02,
       2.0224421854367261e-01, 1.4140456578790195e-01,
       1.0548074922965223e-01, 1.2422774531406700e-01,
       4.7050822491440680e-01, 5.5810732364430737e-01,
       1.4165562894049682e-01, 2.2935083953265306e-01,
       2.6837998955366305e-01, 2.9912573151917982e-01,
       6.6878385715391586e-01, 7.7342830865828982e-01,
       3.9814215152221161e-01, 4.2106646026855893e-01,
       1.0366950101555869e-01, 3.2650640914014684e-01,
       1.0982351141623659e-01, 1.7848152514407600e-01,
       5.2833724550396666e-01, 4.6643910169931513e-01,
       5.2975887037076086e-01, 5.2706620122817271e-01,
       2.1755879628573904e-01, 2.7351968458290782e-01,
       3.9051444374275263e-01, 4.3733137853149195e-01,
       4.3201008758738002e-01, 3.6337505265213815e-01,
       8.7672883592021619e-02, 2.5681466961632055e-01,
       1.2310114015038989e+00, 1.0501675025784336e+00,
       3.4615416201590959e-01, 1.3197605339208635e-01,
       4.3053872998232295e-01, 3.8386890394566819e-01,
       4.4639693738093966e-01, 4.4475126870749260e-01,
       3.4046424472604475e-01, 2.0387850046216291e-01,
       4.2512458585329799e-01, 3.7926605463477547e-01,
       7.4225509626285857e-01, 7.7531858063051118e-01,
       3.3716083447664669e-01, 5.0711790640767129e-01,
       1.8585260181799479e-01, 3.2313586301981229e-01,
       9.3036236845237874e-01, 7.9937442790165247e-01,
       8.6162731909563406e-01, 9.2954532198901918e-01,
       9.8221673756605854e-01, 1.1077909314617831e+00,
       2.5583599951196417e-01, 2.9808923472142246e-01,
       7.8655477599051737e-01, 1.0871576828805285e+00,
       4.6707635957772892e-01, 4.7287325714604472e-01,
       8.9770445455022319e-01, 1.1095201049134591e+00,
       1.0270839100186464e+00, 1.0324257116674502e+00,
       3.7164845511805183e-01, 3.7255749138681549e-01,
       8.9293844573211967e-01, 7.1124807421244440e-01,
       4.2769304558353660e-01, 3.6489634775815821e-01,
       2.6708764107806589e-02, 1.6919447456535569e-01,
       4.1022633430979699e-01, 5.2101593293748061e-01,
       5.2505147934218552e-02, 1.1423160909303565e-01, 0.,
       1.8513588072879745e-02, 2.5808567256371078e-02,
       2.8044202313196924e-02, 2.2431638109923446e-02,
       5.4752966421003510e-02, 1.0117345694610039e-01,
       1.3755013515520395e-01, 2.8044202313196924e-02,
       8.4132606939590765e-02, 5.6088404626393848e-02,
       5.4752966421003510e-02, 2.6497905445914693e-02,
       1.3520186190928943e-01, 0., 6.3564719290225669e-02,
       6.6757546530106449e-01, 7.7090683536445370e-01,
       8.2797168734200427e-02, 2.6708764107806589e-02,
       1.4959517916722642e-01, 2.8044202313196924e-02,
       8.1650820954762587e-02, 1.6444798968896301e-01,
       8.4132606939590765e-02, 2.8044202313196924e-02,
       5.0160022131817465e-02, 7.3873647988424121e-02,
       3.9368667319888018e-01, 4.2866598608509054e-01,
       5.2615551836980891e-02, 8.2797168734200427e-02, 0., 0.,
       7.2158775321559876e-01, 5.4461633641491491e-01,
       5.4350378427890367e-01, 4.4503631349602885e-01,
       3.7283543407641989e-01, 3.8009656707786743e-01, 0.,
       5.1715354985545380e-02, 6.0432361768479703e-01,
       7.0662947945245491e-01, 2.3451258024010876e-02,
       5.1495460337207796e-02, 5.0598813324831360e-01,
       6.4767476789475964e-01, 7.2153422832219738e-01,
       8.0309049872200389e-01, 1.0548074922965223e-01,
       2.9471078977727694e-01, 5.9869443508024289e-01,
       5.6700784306422281e-01, 5.0422389964413249e-02,
       8.2797168734200427e-02, 5.3255234110135063e-01,
       5.6276319617227377e-01, 1.1949492882697355e+00,
       1.2209009211847499e+00, 5.5033759049943332e-01,
       6.2061327214256778e-01, 4.1257829750544012e-01,
       4.8038706152942845e-01, 6.9029668832329438e-01,
       7.1258142154031079e-01, 6.9434272536664643e-01,
       6.0973061506594806e-01, 6.1602821834709010e-01,
       5.9819509533641446e-01, 5.3959034750597623e-01,
       4.7747998960955140e-01, 4.4760399429531211e-01,
       6.5298430979035349e-01, 5.9318257974885957e-01,
       4.4258303924428688e-01, 3.5610137253236490e-01,
       4.2801980033174514e-01, 1.2154482356318421e+00,
       1.2437002499034953e+00, 6.7472363816654424e-01,
       5.5220825822462882e-01, 6.7346747148697339e-01,
       5.4610813714161122e-01, 6.6068778636199099e-01,
       7.6244439886969384e-01, 5.1680921105214461e-01,
       6.3196387148294075e-01, 7.6801003332147477e-01,
       9.1366298784734890e-01, 1.1394198508827174e+00,
       9.1648965445409381e-01, 5.5125440426754302e-01,
       6.6446537305056352e-01, 6.0293732448890891e-01,
       6.8751627776891278e-01, 9.7963393431188772e-01,
       9.9385800783561629e-01, 1.5075062399292429e+00,
       1.3395394993566005e+00, 1.5820585516329999e+00,
       1.6234906569472296e+00, 4.3020558253508850e-01,
       4.9813073167656713e-01, 8.4484276319312268e-01,
       1.2147354974700084e+00, 6.1720076205634156e-01,
       6.7236953937484933e-01, 1.1751706499273014e+00,
       1.3161443724061677e+00, 1.0619427632584870e+00,
       9.8615690822868518e-01, 0., 3.2566750290523493e-02,
       1.4561268169486259e+00, 1.6436740691212544e+00,
       7.4496747135176133e-01, 6.2595289369205231e-01,
       5.3255234110135063e-01, 5.9080739848547070e-01,
       1.4082574945897768e+00, 1.4061831000845546e+00,
       5.7613397432584523e-01, 6.2061327214256778e-01,
       4.1257829750544012e-01, 5.0393868673776876e-01,
       6.9029668832329438e-01, 7.4062562385350772e-01,
       7.1892231322985700e-01, 6.6235440524235556e-01,
       6.4407242066028703e-01, 6.8232770227600537e-01,
       5.6763454981917305e-01, 5.6161259654914220e-01,
       5.0369239892170603e-01, 6.8102851210355042e-01,
       6.4256503989806424e-01, 5.5107613704576974e-01,
       3.5610137253236490e-01, 4.4875501897337045e-01,
       1.3727415191983601e+00, 1.4281094423416583e+00,
       7.3081204279293810e-01, 5.5220825822462882e-01,
       6.7346747148697339e-01, 5.7415233945480815e-01,
       7.2097746845820287e-01, 8.7882248559229947e-01,
       6.0094181799173541e-01, 6.6000807379613768e-01,
       7.9146129134548560e-01, 9.6515844818455665e-01,
       1.2549222894641012e+00, 1.2128874837374966e+00,
       5.7716119199671734e-01, 7.2055377767695727e-01,
       6.0293732448890891e-01, 6.8751627776891278e-01,
       1.3875548602834764e+00, 1.2793141071802787e+00,
       1.4508888107447986e+00, 1.2841383696166810e+00,
       1.5343704824777074e+00, 1.6555775046238093e+00,
       4.3020558253508850e-01, 5.2403751940574139e-01,
       1.0471073346448767e+00, 1.4373454391995002e+00,
       6.4065202008035238e-01, 7.2386499971205709e-01,
       1.2235813720905480e+00, 1.2000401587316996e+00,
       1.3228374331073940e+00, 1.2193473118066931e+00,
       1.8132497681175194e-01, 8.9728439433877413e-02,
       1.4561268169486259e+00, 1.6058477088227028e+00,
       7.9553931516858811e-01, 7.0456893982207602e-01,
       5.3255234110135063e-01, 5.6276319617227377e-01,
       1.5256973907526352e+00, 1.3641675383759835e+00,
       7.0325061280200341e-01, 6.6920083693671495e-01,
       4.2943222473173109e-01, 5.4706674244294917e-01,
       6.6448812106692334e-01, 7.1258142154031079e-01,
       6.9649067511993357e-01, 6.3431020292915863e-01,
       5.9631649192979985e-01, 5.9819509533641446e-01,
       5.3959034750597623e-01, 4.7747998960955140e-01,
       4.4760399429531211e-01, 6.5298430979035349e-01,
       5.8896916303255042e-01, 4.4258303924428688e-01,
       3.5610137253236490e-01, 4.0592551832477008e-01,
       1.3586447066432334e+00, 1.2359260113060802e+00,
       6.7472363816654424e-01, 5.2511028680502947e-01,
       6.5108928383575704e-01, 5.1901016572201197e-01,
       6.3932664750344026e-01, 7.4108326001114311e-01,
       5.1680921105214461e-01, 6.3196387148294075e-01,
       7.6581553960935822e-01, 9.1473605822014337e-01,
       8.7509439467226102e-01, 9.5051305916925155e-01,
       5.5125440426754302e-01, 6.3736740163096428e-01,
       6.0293732448890891e-01, 6.8751627776891278e-01,
       1.1694607770573289e+00, 1.1480748462039885e+00,
       1.3447174865032487e+00, 1.3544562580925721e+00,
       1.5969121697445070e+00, 1.5790298415258728e+00,
       4.3020558253508850e-01, 4.7232216442019603e-01, 0., 0.,
       6.4065202008035238e-01, 6.9582079739886016e-01,
       1.0719668863432241e+00, 1.2073241507729249e+00,
       7.7428628232606889e-01, 7.2318187299942471e-01, 0., 0.,
       1.5516950975115154e+00, 1.5477798979686626e+00,
       7.4511692520417483e-01, 6.4848053519568216e-01,
       2.4609990311007660e-01, 3.2085321727958893e-01,
       9.1870401939795598e-01, 9.7503204565750734e-01,
       2.3463217123438906e-01, 5.2473328425387256e-01,
       3.5251436185905671e-01, 2.9320022629191389e-01,
       3.9985796996952699e-01, 3.6546720930767701e-01,
       3.2862019861691721e-01, 5.0447272631290507e-01,
       4.0228511647659243e-01, 3.0060999028419561e-01,
       3.2330751978563244e-01, 3.0953508473502372e-01,
       1.6415707171892235e-01, 4.1652103571514409e-01,
       3.2735226480802143e-01, 2.1646082146860007e-01,
       2.4602797428899237e-01, 2.3637757871824397e-01,
       1.0677974827617807e+00, 1.1843264406282894e+00,
       3.3823898505941502e-01, 3.1349345064625306e-01,
       4.8316454084843236e-01, 1.5679758430441668e-01,
       4.4802097456581846e-01, 4.0781108166234481e-01,
       3.2549018612689351e-01, 3.0494429714197607e-01,
       4.0737616143736033e-01, 3.4851255113639434e-01,
       1.0933315993375179e+00, 7.1244658204233879e-01,
       5.1608511352001663e-01, 1.9184581830929734e-01,
       2.6325995390541207e-01, 4.5849924587407692e-01,
       1.0573143974067865e+00, 1.0118599139333315e+00,
       1.0132161247861051e+00, 6.4217641991718410e-01,
       9.7441291787425244e-01, 9.1133196536984407e-01,
       1.3203898611242498e-01, 3.9135467667669949e-01, 0., 0.,
       2.9865616046660232e-01, 3.9756371101528004e-01,
       7.0487844889851980e-01, 7.6563135660128823e-01,
       9.3122171670349130e-01, 1.0515038891687745e+00, 0., 0.,
       8.4751121893388748e-01, 1.0179475007584373e+00,
       5.7618399084292549e-01, 2.7691155506283283e-01, 0., 0.,
       9.5890874900177461e-02, 4.4295300471719201e-02,
       4.0918126615611512e-02, 2.2431638109923446e-02, 0.,
       6.6679680913520695e-02, 0., 0., 2.2431638109923446e-02, 0., 0.,
       0., 0., 0., 2.2538281132201427e-02, 0., 0.,
       8.6099373850463054e-02, 0., 0., 1.8658762618866964e-01,
       1.7324480977378565e-01, 0., 0., 0., 2.2538281132201427e-02, 0.,
       0., 0., 0., 4.5989539156212303e-02, 2.3451258024010876e-02,
       6.7144038965107095e-02, 7.8340236306518068e-02, 0., 0., 0., 0.,
       0., 0., 1.6059784592144707e-01, 8.9369244881253793e-02,
       5.2838107325054118e-02, 0., 0., 0., 1.0477871898492025e-01,
       3.7487970053900740e-02, 4.5989539156212303e-02,
       2.3451258024010876e-02, 8.5412975167619212e-02,
       5.9373480845134302e-02, 0., 8.3404729634792646e-02,
       1.0628168216827713e-01, 1.1203151203111038e-01,
       8.2995400112277420e-02, 0., 0., 0., 4.6740337188661545e-02,
       2.3370168594330772e-02, 2.6317854602772062e-01,
       2.1709040891425671e-01, 1.3293884904920811e-01,
       2.3370168594330772e-02, 4.6921793802671044e-02,
       4.6740337188661545e-02, 9.3480674377323089e-02,
       9.3480674377323089e-02, 4.6740337188661545e-02, 0.,
       1.9711726417290285e-02, 0., 4.6740337188661545e-02, 0.,
       2.2538281132201427e-02, 7.0110505782992313e-02,
       5.3595876865513967e-02, 2.6497905445914693e-02, 0., 0.,
       2.5122412406454758e-01, 3.7429308852754622e-01,
       2.3370168594330772e-02, 5.0468140013930046e-02,
       4.6740337188661545e-02, 7.3006421146131470e-02,
       4.4731307452881487e-02, 4.4731307452881487e-02,
       2.3370168594330772e-02, 0., 4.5908449726532199e-02, 0.,
       3.7582919957461924e-01, 2.9904112230323032e-01, 0.,
       7.3838308608260822e-02, 2.3370168594330772e-02, 0.,
       2.9541834511072762e-01, 5.4044855200898601e-01,
       1.2123170526313463e-01, 2.3755382631786165e-01,
       2.5719270238339886e-01, 3.2165273061532351e-01,
       2.3370168594330772e-02, 0., 1.5733942063675607e-01,
       1.8237655440480099e-01, 2.2538281132201427e-02, 0.,
       1.5157720570530114e-01, 8.9980487211887145e-02,
       2.0675168298348867e-01, 1.1640464698095154e-01,
       2.1368720352610787e-01, 3.2913972988540219e-01,
       3.2923106742839503e-01, 3.9234492484369560e-01,
       4.5897810097960595e-02, 4.5897810097960595e-02,
       5.3255234110135063e-01, 5.9080739848547070e-01,
       1.2606596307786420e+00, 1.2035951944790932e+00,
       5.5033759049943332e-01, 6.2564728555416971e-01,
       3.8902667229709986e-01, 4.6187347345654872e-01,
       6.9029668832329438e-01, 7.4062562385350772e-01,
       7.1892231322985700e-01, 6.6235440524235556e-01,
       6.4407242066028703e-01, 6.8232770227600537e-01,
       5.6763454981917305e-01, 5.6161259654914220e-01,
       4.8115411778950457e-01, 6.8102851210355042e-01,
       5.9318257974885957e-01, 4.9867144387068074e-01,
       3.5610137253236490e-01, 3.8519029968314478e-01,
       1.5298595855932684e+00, 1.4624402915531245e+00,
       7.3081204279293810e-01, 5.5220825822462882e-01,
       6.5108928383575704e-01, 5.5161405832260679e-01,
       6.8873198867518792e-01, 8.4657700580928452e-01,
       6.0094181799173541e-01, 6.6000807379613768e-01,
       7.6892301021328413e-01, 9.4278026053334030e-01,
       1.2151024283092502e+00, 1.1695772015344572e+00,
       5.5125440426754302e-01, 7.2055377767695727e-01,
       6.0293732448890891e-01, 6.8751627776891278e-01,
       1.3203202975331358e+00, 1.2155914918550592e+00,
       1.1236179689974339e+00, 1.2919552798683991e+00, 0., 0.,
       4.3020558253508850e-01, 4.9813073167656713e-01,
       1.0068986490639507e+00, 1.4646428007195904e+00,
       6.1811373894815091e-01, 7.2386499971205709e-01,
       9.5783299893255858e-01, 9.5409337736984590e-01,
       1.4776283686217371e+00, 1.3558784380973401e+00,
       1.1304470789688356e-01, 1.1723967657584289e-01, 0., 0.,
       7.5063348601374191e-01, 6.8204129831844618e-01,
       5.3255234110135063e-01, 5.9080739848547070e-01,
       1.3560148085338126e+00, 1.3484155998412748e+00,
       5.5033759049943332e-01, 5.9818163403264435e-01,
       4.5298384994007135e-01, 5.4706674244294917e-01,
       6.6448812106692334e-01, 7.1997877004841082e-01,
       6.7191108725672299e-01, 6.3777481737914499e-01,
       6.4407242066028703e-01, 6.8232770227600537e-01,
       5.6763454981917305e-01, 5.6161259654914220e-01,
       5.0369239892170603e-01, 6.8102851210355042e-01,
       6.4256503989806424e-01, 5.5107613704576974e-01,
       3.5610137253236490e-01, 4.0592551832477008e-01,
       1.5983959184136256e+00, 1.6476235800540417e+00,
       7.3081204279293810e-01, 5.5220825822462882e-01,
       6.7346747148697339e-01, 5.7415233945480815e-01,
       6.6737084981663719e-01, 8.2521586695073379e-01,
       6.0094181799173541e-01, 6.6000807379613768e-01,
       7.4236428158534740e-01, 9.4170719016054583e-01,
       1.2836468449269658e+00, 1.1738866985260421e+00,
       5.7716119199671734e-01, 7.2055377767695727e-01,
       5.8229047068381201e-01, 6.8751627776891278e-01,
       1.4851985181768517e+00, 1.4131891708497102e+00,
       1.0188151388421949e+00, 1.2382556064387849e+00, 0., 0.,
       4.0955872872999161e-01, 4.9822895214937035e-01,
       1.1393846329160944e+00, 1.5143305070720308e+00,
       6.1720076205634156e-01, 7.0041374168804627e-01,
       1.0849338868617300e+00, 9.2093766081443640e-01,
       1.4659547908479020e+00, 1.4630278666458680e+00,
       3.0544892715349592e-01, 2.7773027435454778e-01, 0., 0.,
       7.9553931516858811e-01, 7.0456893982207602e-01, 0., 0., 0., 0.,
       0., 0., 0., 0., 0., 0., 0., 0., 0., 0., 0., 0., 0., 0., 0., 0.,
       0., 0., 0., 0., 0., 0., 0., 0., 0., 0., 0., 0., 0., 0., 0., 0.,
       0., 0., 0., 0., 0., 0., 0., 0., 0., 0., 0., 0., 0., 0., 0., 0.,
       0., 0., 0., 0., 0., 0., 0., 0., 0., 0., 0., 0., 0., 0., 0., 0.,
       0., 0., 0., 0., 0., 0., 0., 0., 0., 0., 0., 0., 0., 0., 0., 0.,
       6.9379908302091259e-02, 4.4674505723353804e-02, 0., 0.,
       2.2378187651216325e-02, 0., 0., 0., 0., 0., 0.,
       2.2378187651216325e-02, 0., 0., 0., 0., 0., 0.,
       2.7396493924054584e-02, 0., 2.2903586096823872e-02,
       2.2903586096823872e-02, 0., 0., 0., 0., 0., 0., 0., 0.,
       2.8508146815024962e-02, 0., 5.1519816684240813e-02, 0.,
       2.4773349855248223e-02, 9.6966783702584228e-02, 0., 0.,
       2.2378187651216325e-02, 0., 0., 0., 2.8786183543422178e-01,
       2.8381868337683980e-01, 4.0918126615611512e-02,
       6.5985189492468760e-02, 0., 5.1880718250322699e-02, 0., 0., 0.,
       0., 0., 0., 0., 0., 2.2538281132201427e-02, 0.,
       2.7097971419599270e-02, 0., 0., 4.2829500648600360e-02,
       2.9176255603273160e-01, 3.1761354257984320e-01, 0.,
       2.7097971419599270e-02, 7.3799463300396911e-02,
       4.9636252551800694e-02, 2.1361138858550715e-02,
       2.1361138858550715e-02, 0., 0., 4.8184032868328813e-02, 0.,
       2.7135091769651609e-01, 1.1151567488088245e-01, 0.,
       2.7097971419599270e-02, 0., 0., 2.4757571817157620e-01,
       3.1951200202403096e-01, 3.8471705336451667e-01,
       2.9860087610671437e-01, 3.0987161125241081e-01,
       3.3292438237164645e-01, 0., 0., 3.0970788395672344e-01,
       4.2031203378905624e-01, 2.2538281132201427e-02, 0.,
       5.5009125084173438e-01, 5.7054129296845102e-01,
       3.4692155558129245e-01, 4.0885406411997244e-01,
       8.7726768461906773e-02, 1.3293034870982645e-01,
       3.0120947507781570e-01, 2.0433896869957946e-01, 0., 0., 0., 0.,
       5.0682490184294748e-01, 2.0852364957417974e-01,
       4.0918126615611512e-02, 8.8416827602392209e-02,
       2.3551625208340275e-02, 5.1880718250322699e-02, 0., 0.,
       2.2431638109923446e-02, 0., 0., 0., 0., 0., 0., 0.,
       2.7097971419599270e-02, 0., 0., 0., 3.3455571647891025e-01,
       4.0550435880299374e-01, 0., 2.7097971419599270e-02,
       2.2378187651216325e-02, 2.7097971419599270e-02,
       2.1361138858550715e-02, 2.1361138858550715e-02, 0., 0.,
       4.9097009760138255e-02, 4.5829445675227204e-02,
       2.9317341169776440e-01, 2.3823432089673019e-01, 0.,
       2.7097971419599270e-02, 0., 0., 1.6007792131233911e-01,
       2.7266609609618031e-01, 1.9020741419834000e-01,
       8.9633086481582705e-02, 1.3023773724119483e-01,
       8.4972198250455211e-02, 0., 0., 1.5818385182038949e-01,
       2.3308982326434391e-01, 2.3451258024010876e-02,
       2.3451258024010876e-02, 1.3594582711902892e-01,
       2.2010579908007299e-01, 3.3791200209728206e-01,
       2.5049517405209992e-01, 1.0061757743734795e-01,
       4.4318465314502387e-01, 2.6207886649731199e-01,
       1.6683348408506407e-01, 4.4905829154846151e-02,
       2.2527641503629826e-02, 0., 0., 2.1436192727596334e-01,
       2.3220169471153271e-01, 1.5291302230257006e-01,
       8.7522844985229054e-02, 6.3957177642971486e-02,
       4.2065213281220024e-02, 2.5808567256371078e-02,
       2.0646853805096857e-02, 4.7011225973133994e-02,
       2.4579587863210552e-02, 1.9711726417290285e-02, 0., 0., 0.,
       2.2538281132201427e-02, 0., 4.9382460149204652e-02,
       1.3850406702555204e-01, 0., 2.0735218641625312e-02,
       3.3503160062669229e-01, 2.8126128929196115e-01, 0., 0.,
       2.2378187651216325e-02, 2.2538281132201427e-02,
       3.2245479783014952e-02, 3.2245479783014952e-02, 0., 0.,
       4.5989539156212303e-02, 4.5829445675227204e-02,
       1.9542426350327896e-01, 2.7559255495918406e-01,
       2.5906787729174301e-02, 0., 2.0646853805096857e-02, 0.,
       2.4617433949604223e-01, 2.6229250050894731e-01,
       1.7976549674229725e-01, 2.0987641503181284e-01,
       1.2528007807772532e-01, 1.8111404445387588e-01,
       2.0646853805096857e-02, 5.1715354985545380e-02,
       3.1016003860432884e-01, 3.2229537256467472e-01,
       4.5989539156212303e-02, 2.3451258024010876e-02,
       2.0252875501957091e-01, 3.0591858917141029e-01,
       3.7998842931510857e-01, 3.6405121036460925e-01,
       2.6536677294977468e-01, 2.9259921586928095e-01,
       1.3617071453869248e-01, 0., 4.4905829154846151e-02,
       2.2527641503629826e-02, 2.4386262881040798e-02,
       2.8044202313196924e-02, 4.9277498878630660e-01,
       3.7366922935161700e-01, 6.5304389496652307e-02,
       3.5956592760616898e-02, 5.1595827521537199e-02,
       6.7286113834961345e-02, 5.0194830137411876e-02,
       2.8044202313196924e-02, 0., 2.8044202313196924e-02,
       5.6088404626393848e-02, 1.3290513270167237e-01,
       5.2430465194237719e-02, 1.0851886982063158e-01,
       1.0486093038847545e-01, 8.0474667507434636e-02,
       4.9982526122889233e-02, 1.6809456620603119e-01, 0.,
       4.5121481522666110e-02, 8.1213465314160505e-01,
       7.8784031560692191e-01, 8.0474667507434650e-02,
       2.7097971419599270e-02, 2.2378187651216325e-02,
       7.9528436613836989e-02, 8.0474667507434636e-02,
       1.3656307213382848e-01, 1.0851886982063158e-01,
       2.8044202313196924e-02, 8.0474667507434636e-02,
       7.4808652845454043e-02, 4.8139183538640051e-01,
       4.3919396964138901e-01, 5.0293050610215100e-02,
       1.1123057835919004e-01, 2.4386262881040798e-02,
       4.8772525762081596e-02, 7.0263389954488586e-01,
       6.9215771817196936e-01, 4.8807064772558445e-01,
       4.4386386878842871e-01, 6.6277082812848920e-01,
       4.8631145518639424e-01, 2.4386262881040798e-02,
       5.1715354985545380e-02, 6.5200201957601056e-01,
       6.6614052337414886e-01, 1.0486093038847544e-01,
       1.0851886982063157e-01, 2.4176807810342832e-01,
       2.5093902643822202e-01, 8.7263455216495922e-01,
       9.3350258041696188e-01, 2.1635114940017969e-01,
       1.5841255573563892e-01, 5.4170465718934857e-01,
       5.2916563408175799e-01, 7.4808652845454043e-02,
       8.0474667507434650e-02, 5.3255234110135063e-01,
       7.0524890662982276e-01, 1.1558475977984426e+00,
       1.0318779697615310e+00, 5.7613397432584523e-01,
       5.9818163403264435e-01, 4.5298384994007135e-01,
       5.1754652948168922e-01, 6.3125626240077459e-01,
       7.1110541089224777e-01, 6.6697046215867362e-01,
       5.7379376635857593e-01, 6.4407242066028703e-01,
       6.8232770227600537e-01, 5.3811433685791321e-01,
       5.6161259654914220e-01, 5.0369239892170603e-01,
       6.5150829914229047e-01, 6.4256503989806424e-01,
       5.5107613704576974e-01, 3.5610137253236490e-01,
       4.0592551832477008e-01, 1.0210426915245687e+00,
       1.0625120470519944e+00, 7.0129182983167815e-01,
       5.2268804526336887e-01, 6.7346747148697339e-01,
       5.7415233945480815e-01, 6.7009611663839230e-01,
       8.2794113377248890e-01, 6.0094181799173541e-01,
       6.6000807379613768e-01, 7.4236428158534740e-01,
       9.4170719016054583e-01, 9.7792682002473696e-01,
       1.0095666291460341e+00, 5.4764097903545750e-01,
       6.9103356471569743e-01, 5.7341711152764896e-01,
       6.5799606480765283e-01, 9.9846007538293902e-01,
       8.4092574073939330e-01, 3.9178209615318121e-01,
       3.6987796622090630e-01, 0., 0., 4.3020558253508850e-01,
       5.2403751940574139e-01, 9.8820617286492340e-01,
       1.2045493327144097e+00, 5.8768054909508161e-01,
       6.4137331576552647e-01, 1.0401121270098459e+00,
       9.5942872460374684e-01, 1.1562895757947398e+00,
       1.0684478083029618e+00, 2.9980974061444304e-01,
       3.7657542169065894e-01, 0., 0., 7.9553931516858811e-01,
       7.0456893982207602e-01, 5.0584357699354410e-01,
       5.6409863437766405e-01, 1.0062410476484878e+00,
       9.3376701800970674e-01, 6.0982733825217339e-01,
       6.2896711817821505e-01, 3.8902667229709986e-01,
       5.0393868673776876e-01, 6.6448812106692334e-01,
       7.4062562385350772e-01, 7.1892231322985700e-01,
       6.3564564113454902e-01, 5.9065489244467395e-01,
       6.2891017406039207e-01, 5.6763454981917305e-01,
       5.6161259654914220e-01, 4.8115411778950457e-01,
       6.5431974799574377e-01, 5.6608460832926044e-01,
       4.7196267976287415e-01, 3.5610137253236490e-01,
       4.0592551832477008e-01, 6.3090460250770553e-01,
       6.0317323621650631e-01, 7.0410327868513156e-01,
       4.9840152269722299e-01, 6.2004994327136032e-01,
       5.2451608690300744e-01, 6.8873198867518792e-01,
       8.1986824170147798e-01, 6.0094181799173541e-01,
       6.6000807379613768e-01, 7.1656849436935022e-01,
       9.6515844818455665e-01, 8.0714559030615318e-01,
       7.8125941436029278e-01, 5.2454564015973648e-01,
       6.6674704214955149e-01, 6.0293732448890891e-01,
       6.8751627776891278e-01, 4.8292477538929512e-01,
       6.9256868018024564e-01, 1.0287195116642350e-01,
       7.5295690920076513e-02, 0., 0., 4.3020558253508850e-01,
       4.7232216442019603e-01, 5.5650287209610139e-01,
       7.3345527938812261e-01, 6.1811373894815091e-01,
       7.2386499971205709e-01, 9.1950341104737932e-01,
       9.2330093527261825e-01, 6.3176032160891549e-01,
       5.8461188700671385e-01, 1.5232206505289109e-01,
       1.0596921310091582e-01, 0., 0., 7.7301167366495827e-01,
       6.5533253421063964e-01, 3.1316120209908077e-01,
       2.9666294531368831e-01, 5.9490457834605770e-01,
       3.3008968420050550e-01, 3.8333230998846235e-01,
       2.2453053424958758e-01, 6.0063935646383418e-02,
       2.3906755348783734e-01, 2.6463015109739640e-01,
       3.7515841454583071e-01, 3.6572252674972933e-01,
       1.6001085517404670e-01, 2.9520483239930789e-01,
       4.3513524020742295e-01, 2.4432703003354070e-01,
       2.5207751181411847e-01, 3.1699704607058216e-01,
       2.9121624049621297e-01, 3.1521277509004303e-01,
       3.6132407968497621e-01, 1.1007339824337256e-01,
       1.6954793960652612e-01, 6.9025636632892429e-01,
       6.8467587656339357e-01, 4.1928182184132962e-01,
       2.6542357168618241e-01, 2.4372045885415433e-01,
       3.9481647401819003e-01, 2.5159535503383379e-01,
       4.7635902917921052e-01, 2.7545163186484195e-01,
       3.5506377665416167e-01, 3.6480435485971952e-01,
       5.9319463902415159e-01, 4.5201408164303558e-01,
       4.7115836344255824e-01, 8.7784842584507347e-02,
       5.5541672347546667e-01, 3.3967737058349667e-01,
       2.2901703189483574e-01, 5.2570808993422657e-01,
       6.1545701986103607e-01, 3.0838152903709870e-01,
       5.9443220274770048e-01, 5.3125461550745690e-01,
       6.8609672460019655e-01, 2.9816659642266347e-01,
       1.0687427547267084e-01, 0., 0., 2.9600632045753766e-01,
       3.0285003067276622e-01, 4.2432695517302088e-01,
       4.4359136983781189e-01, 6.9062513077634768e-01,
       6.1025869820165735e-01, 0., 0., 7.1228350421452669e-01,
       7.1216969731082180e-01, 2.1935532432566271e-01,
       4.5436614886704974e-01, 0., 0., 3.6315898419358467e-01,
       3.5169413007679778e-01, 1.1199489568695854e-01,
       8.7522844985229054e-02, 6.3957177642971486e-02,
       8.5193268986400450e-02, 2.5808567256371078e-02,
       2.0646853805096857e-02, 4.7011225973133994e-02,
       2.4579587863210552e-02, 0., 0., 0., 0., 2.2538281132201427e-02,
       0., 4.9382460149204652e-02, 2.6497905445914693e-02, 0.,
       6.3564719290225669e-02, 5.2496972093051641e-01,
       6.2850281080694659e-01, 0., 0., 0., 2.2538281132201427e-02,
       3.2245479783014952e-02, 3.2245479783014952e-02, 0., 0.,
       4.5989539156212303e-02, 2.3451258024010876e-02,
       4.0085424558211336e-01, 5.1697483723148208e-01, 0., 0.,
       2.0646853805096857e-02, 0., 5.4736509461326832e-01,
       4.2616616659544609e-01, 2.7091931361156318e-01,
       1.7123616388210178e-01, 1.3415774100867381e-01,
       1.6479009669776762e-01, 2.0646853805096857e-02,
       2.5808567256371078e-02, 0., 0., 4.5989539156212303e-02,
       2.3451258024010876e-02, 4.3619251506056522e-01,
       4.2553003944886830e-01, 7.4344764516141371e-01,
       8.9216164132566667e-01, 0., 0., 8.2995400112277420e-02,
       1.1932102100805617e-01, 2.2527641503629826e-02,
       2.2527641503629826e-02, 0., 0., 2.9201432230833002e-01,
       3.5188032526417934e-01, 1.1199489568695854e-01,
       3.5062610143453736e-02, 6.3957177642971486e-02,
       1.3707398723672315e-01, 0., 0., 0., 0., 0., 0., 0., 0.,
       2.2538281132201427e-02, 0., 4.9382460149204652e-02,
       5.2404693175088994e-02, 0., 2.0735218641625312e-02,
       3.5433874964138345e-01, 3.7147965697005353e-01, 0., 0., 0.,
       2.2538281132201427e-02, 3.2245479783014952e-02,
       3.2245479783014952e-02, 0., 0., 4.5989539156212303e-02,
       2.3451258024010876e-02, 1.7546680012044286e-01,
       2.6694054191264549e-01, 2.5906787729174301e-02, 0., 0., 0.,
       3.9245093596839281e-01, 3.4620576526031183e-01,
       1.1935506566289977e-01, 1.7123616388210178e-01,
       1.3415774100867381e-01, 7.4999952322456154e-02, 0.,
       2.5906787729174301e-02, 3.0407497599732880e-01,
       2.5335062426085520e-01, 4.5989539156212303e-02,
       2.3451258024010876e-02, 2.2420425263698851e-01,
       2.4300571317482059e-01, 3.4138601415347325e-01,
       3.3670925828133325e-01, 2.5972758641072180e-01,
       6.1347609353569962e-02, 8.2995400112277420e-02,
       1.6252596397951841e-01, 2.2527641503629826e-02,
       2.2527641503629826e-02, 0., 0., 3.4938857553164691e-02, 0.,
       4.0918126615611512e-02, 3.5956592760616898e-02, 0., 0., 0., 0.,
       0., 0., 0., 0., 0., 0., 0., 0., 0., 0., 0., 0., 0.,
       4.4674505723353804e-02, 0., 0., 0., 0., 0., 0., 0., 0.,
       2.5645751736127383e-02, 0., 0., 0., 0., 0., 0., 0.,
       2.6903748174286594e-02, 0., 2.1221045081912079e-02, 0.,
       5.2838107325054118e-02, 0., 0., 0., 0., 3.0228376663881888e-02,
       0., 0., 0., 0., 2.2192645765152254e-02, 0., 0.,
       4.4623050115717745e-02, 5.3175314426415050e-02,
       4.3204942971462226e-02, 0., 0. ]
