%YAML:1.0
bias: 1.4361626190063050e+00
beta1: 2.0054631639627306e+01
beta2: 2.4410526378071534e+01
width: 6
height: 6
orientation: 31
data: !!opencv-matrix
   rows: 1116
   cols: 1
   dt: d
   data: [ 1.7442818259972803e-02, 1.8100583000284335e-02,
       -1.2041269130153368e-04, 3.9307338842417397e-02,
       5.5387730356702053e-02, -1.4537297445112252e-02,
       2.5093745071572578e-02, 4.7491368472147083e-03,
       -8.8694123631081721e-03, -4.3971834492800496e-04,
       -1.3885393725080004e-02, -1.8244651498830880e-02,
       -1.6221239597719386e-02, -1.1062475202538245e-02,
       -7.2663373596507305e-03, -5.4837646735063968e-03,
       1.6097795465840403e-02, 3.8168920936739702e-03,
       -8.5146365906061151e-03, -1.5787940356205472e-02,
       -4.6079260583046424e-03, -4.7257909485031997e-04,
       -5.1315312747695907e-03, -1.4293268066746861e-02,
       4.0713542473368326e-03, -2.3858799253801202e-02,
       3.9853340420783222e-02, 4.9755560874997953e-02,
       1.1064291979330324e-02, -2.1318103370215998e-02,
       3.1735095835588138e-02, 3.6326897560658516e-02,
       3.9099079219118898e-02, 3.7683084331644530e-02,
       1.3909288969815560e-02, 4.7912798122720819e-02,
       -9.5130170970190477e-03, 5.2440176874999755e-04,
       2.3642754443363480e-03, 1.5118326506895506e-02,
       -1.0869016534851186e-02, -2.0486216075824563e-02,
       7.5702667419389302e-02, -1.6196096151040808e-02,
       -4.4711795373232159e-03, -5.8783815901283613e-04,
       -1.9590319118919668e-02, -2.6454292923113604e-03,
       3.0577552110897875e-02, -1.7096370163699866e-02,
       -1.3213311492955779e-02, -6.0520900894870527e-04,
       1.2372409713046897e-02, 7.3152749497487650e-03,
       -1.4755792778948807e-02, -1.5885796283056735e-02,
       -1.4070448596332271e-02, -1.7211747961641440e-02,
       -7.7973553089118412e-03, -1.7623327258096608e-02,
       -2.3639189240915476e-02, 8.9827750028322727e-03,
       3.1040246343024987e-02, -1.1434827998543711e-02,
       -1.0012163672891310e-02, -2.9230235041041198e-02,
       1.7500966148433900e-02, 3.9902478822757437e-02,
       3.6490826260348108e-02, 1.2792063666230463e-02,
       -2.9625286172910617e-02, 4.5463546428612389e-02,
       -1.9416757528401909e-02, -9.2939753408980662e-03,
       3.5592113861404443e-03, -5.2126431893974954e-03,
       -1.6472677820371880e-02, -2.2107025162951769e-02,
       7.7097556428419492e-02, -7.7462527763477451e-03,
       -2.3708379510731636e-03, -8.3522183008439884e-03,
       -1.2939212347176593e-02, 1.4522152521629620e-02,
       3.7408584049351976e-02, -1.5675774622600343e-02,
       -6.1345810833950756e-03, -6.6527440621275032e-03,
       6.8045337227725083e-03, -1.1860400238198092e-02,
       -3.7691711713622456e-03, -1.4343664577966991e-02,
       -6.1682602139267444e-03, -7.4193186632595526e-03,
       -1.1139340032421481e-02, -2.8914224370619579e-02,
       4.5218540861404859e-03, -4.6439918918724172e-03,
       1.3769600213964884e-02, -2.4096017082651140e-03,
       3.2624440426282653e-02, -3.0980841447123653e-02,
       -1.5826478369159298e-02, 4.0297779399162903e-02,
       2.4783968968533829e-02, -3.1833250218730895e-02,
       -1.9673750786277790e-02, -1.0420291853491047e-02,
       -1.2489771724459425e-02, -5.6074919523023542e-03,
       1.1515389889084175e-03, -5.7653520596758594e-03,
       1.7783228881113024e-02, 4.1751749615139423e-02,
       -2.7371013997332546e-02, 1.3418501989609262e-02,
       -1.3845488246686018e-03, -1.2228222054025998e-02,
       -1.7808890071040112e-02, 5.0278384892762845e-02,
       -4.1179545474270482e-03, 7.8841216656361079e-03,
       -4.9599495864717496e-03, 1.8398788027563680e-03,
       1.9029505500918309e-02, 1.2718266280353585e-02,
       2.5617068129106899e-02, 1.6729391169827655e-03,
       -1.5887848865926011e-02, 2.2026646239970728e-02,
       3.6981214099986538e-02, 8.1873947604764186e-03,
       1.3920286108698703e-03, 7.8671129283430091e-03,
       -1.4757357972307206e-02, -2.5190064352262880e-03,
       -6.2859245354275547e-03, 1.7752838384399055e-03,
       -7.6312047038608801e-03, 1.0367422874085732e-02,
       -1.5672337852001617e-02, -9.0604702495586439e-03,
       -1.2822550954051397e-02, -1.5412975886676047e-03,
       -2.0912599940843053e-02, -1.7205282410785817e-02,
       -1.6644986320763500e-02, 1.1244104624173936e-03,
       -1.8706978470889313e-03, 6.5108496170969699e-03,
       -2.2525590296138751e-02, 6.3575090144011914e-02,
       3.1189927481040311e-02, -5.3615827780310443e-03,
       -3.5084172132241596e-02, 3.9306683039592788e-04,
       -1.8135985895584808e-02, 6.6487276561733935e-02,
       1.0095593484729982e-02, -1.1058930966068267e-02,
       1.4987333821953702e-02, 5.5488362866798889e-02,
       6.1182813852067213e-03, -1.9007126696135079e-02,
       -2.6079490979539776e-02, 1.3700714225587315e-02,
       1.9482923262887780e-02, 5.7929000434848950e-02,
       -9.5714308177072428e-03, -1.3797583576531863e-02,
       -7.6627488113922022e-03, 6.8124243938973469e-02,
       2.3868104823040911e-02, 6.4752490647451005e-02,
       -1.0986787182104930e-02, -8.0763658396207361e-03,
       -1.4782623888086229e-02, -4.0712543272835230e-03,
       -1.2801499314306290e-02, -3.2342550820930963e-03,
       -1.4933523185783825e-02, 8.0772449579342934e-03,
       -1.0372324059109556e-02, 1.3833104321096402e-02,
       1.8909961609295039e-03, 2.8007706322262391e-02,
       -2.2060631120882111e-02, 2.4688741003105197e-02,
       1.1648298702050372e-02, -5.6689586104525271e-03,
       -7.8508996603902977e-03, 4.7498874352277128e-02,
       -1.5003859590151427e-02, 2.6279982531394023e-02,
       -8.4182355308617569e-03, 7.3758183054313878e-04,
       -2.7618005972594034e-05, 5.0227743049931800e-02,
       3.1177250129855227e-02, 1.2813004490877609e-03,
       -1.5759356448370437e-02, 9.0806817981981935e-03,
       3.9730010800016757e-04, 6.3504126943688205e-02,
       -1.3301320516637734e-03, -1.0338831324190575e-02,
       -2.5997942693954675e-02, 2.6920529462329219e-02,
       2.0036014417942498e-02, 7.0825001234936832e-02,
       -1.3123308906279604e-02, -1.1392823490392091e-03,
       -1.3196092917058498e-02, -8.4677268483012505e-03,
       -2.4688189570163614e-03, -1.4336918012310575e-02,
       -8.0828178958031755e-03, 2.2258808749379966e-02,
       -6.3875145118629257e-03, -1.2263049602397024e-02,
       -6.1968256060245617e-03, 2.4167419619794211e-02,
       -3.1542244023630456e-02, 4.8082452688692136e-02,
       1.2147254286599759e-02, -1.7284389530946527e-02,
       4.4292096995725810e-02, 5.4043102034108947e-02,
       -2.8078199131966339e-02, 2.7331525053415982e-02,
       -1.6406327607417295e-02, -1.9945416275659551e-02,
       1.2640063802019992e-02, 5.9055597109012668e-02,
       -1.7605340924503388e-02, 9.8572558055548543e-03,
       -1.1605726581749486e-02, -1.6246413238049359e-02,
       -9.8820079199591470e-03, 4.3020332092943061e-03,
       -1.4787364263314662e-02, -7.8967075392183568e-04,
       -2.4250277351789969e-02, -1.8379056599558706e-02,
       5.5350845789245776e-03, 4.6543425323190390e-02,
       -1.3214264552115138e-02, 1.3565312272544837e-03,
       2.6703264328761279e-04, -9.4624241781543234e-03,
       -3.0050871021470166e-03, 7.5227150357977607e-03,
       9.7394239911460408e-03, 4.1156612629601651e-02,
       1.5594681796540560e-02, -1.4136229791390276e-02,
       -1.6423504571498927e-02, -3.9738404522411857e-03,
       -2.4371332637757301e-02, 1.7847875730819029e-02,
       -8.0449944867181482e-03, -8.8329252683683381e-03,
       1.2442376133610912e-02, 4.6573859132128720e-02,
       -2.7745708443140289e-02, -2.0159598564978898e-02,
       -2.8856649360599257e-02, 1.3491551855412239e-02,
       5.2038364379260266e-02, 9.2311199786362028e-03,
       3.5894950846171447e-04, -1.7197859421573456e-02,
       -6.8505512457985385e-03, -5.2631835914980565e-03,
       -2.8478543653409150e-03, 2.3711864889955588e-03,
       3.3582664423811616e-02, -7.0509559704603313e-03,
       -3.7087924452657642e-03, -1.2295725521060829e-02,
       7.6445012685313046e-03, -4.1208101813669674e-03,
       -1.4771413025560950e-02, -4.9241997980403757e-03,
       -8.9952851797538719e-03, -1.9543356999251634e-02,
       -4.5330408383951418e-03, 1.6357702080501760e-03,
       5.7451677957454275e-02, 4.9842562922997567e-02,
       3.2816460954298556e-02, 5.2966573544287639e-02,
       -1.2580347677958147e-03, 1.2179613797065936e-02,
       -3.5244337634826504e-03, 6.6617254762442639e-03,
       -2.8787054766208778e-03, 4.9363095852915442e-02,
       2.6795988078933304e-02, -8.3179154400388304e-03,
       -2.7092255258337597e-02, -1.9558325166249432e-02,
       -6.1831793405833693e-04, 5.2104281465713817e-02,
       5.2211984542476823e-02, 4.8159269900363826e-03,
       -4.4324318477807498e-03, -3.2209092110328859e-02,
       -1.4544210544491055e-02, -1.5051615758096340e-02,
       -3.3281374748245739e-03, -2.5228886927017240e-02,
       6.5377426404755926e-02, -9.7254642702974837e-03,
       1.0681008060328456e-02, -3.5684386961769713e-03,
       -8.3547413506774946e-03, -4.6713517610828450e-03,
       -1.7966427924980075e-02, -1.9354962890354894e-02,
       -1.3991448640418461e-02, 1.0951296916123454e-02,
       -9.1039812059669489e-03, 1.1527055165193451e-02,
       -1.7116407905829658e-02, 3.2691711394206277e-02,
       6.5105750656908323e-03, 2.5873470047899388e-02,
       -2.1373471108143319e-02, -2.1052784917332092e-03,
       -1.6369770796123669e-02, -4.7904570960369437e-03,
       -1.2305548975974254e-02, 5.2948911690546177e-02,
       8.5408105361880482e-03, -5.5761523559934257e-03,
       -3.4044817339863351e-02, -1.1632849717360824e-02,
       2.2987062326617194e-02, 5.2307685591962153e-02,
       5.5502981595113618e-02, 3.5971200654311829e-02,
       1.3814950072605185e-02, -2.6320583253492534e-02,
       -1.9810648611902286e-02, -1.6012743627171016e-02,
       2.0156906805325052e-02, 9.6492969556529731e-04,
       3.6723935458888739e-02, 4.9368057701058652e-03,
       4.5596636356836896e-02, 2.9661855096843263e-02,
       3.5162132505340268e-02, -4.5511700266210337e-03,
       -2.8057125413579406e-02, -2.9412815702380045e-02,
       -1.9006522039297698e-02, -1.5944052313963945e-02,
       3.9387795362749577e-02, -1.5244362239954033e-02,
       4.0065394194760302e-03, -3.2785769998423225e-02,
       1.8496870535831395e-03, -8.0373443726272122e-03,
       9.2104969914009321e-04, 2.7150461308559675e-02,
       1.3436490594157345e-02, -2.1551645955749304e-02,
       4.4384116512465571e-02, -2.3831781808783142e-03,
       -1.3417967322285122e-02, -1.9530185180523098e-02,
       -1.8726958134052726e-03, 3.8948934758108369e-03,
       5.4096966219202632e-02, -1.1633947818155490e-02,
       -3.3437708066062347e-02, -4.1897039930365830e-03,
       5.2729291131803725e-02, -3.3563472229773328e-03,
       -1.2521160875210482e-02, -2.5845653690054708e-02,
       3.0783179786376152e-02, 2.7686804011667794e-02,
       5.5606296970719227e-02, 2.2990184021380464e-02,
       -2.4795887497897177e-03, 8.5099820209461052e-04,
       -8.3837451852480146e-03, 2.7511956880888429e-02,
       -2.8764610885927688e-02, -2.8292374861880819e-02,
       -1.5561466889418420e-02, -1.6055847491554247e-02,
       -7.9825962473947000e-03, 6.3142781793638653e-04,
       -1.1923850706769337e-03, -3.1739834916535918e-02,
       -1.1750552857565049e-02, -1.6979363431864992e-02,
       -1.6725584075636773e-02, -8.0832151587070401e-03,
       2.6190486705661299e-02, -2.1641035461309518e-02,
       6.4697879663502189e-03, 1.5676496668013810e-03,
       -6.6643411772018138e-03, -2.0109328819054539e-02,
       -1.3311224133538531e-02, 1.6521492890631304e-02,
       6.0747971660640970e-02, -1.2941737850207247e-02,
       -1.6311637912768105e-02, 4.4037403395970984e-03,
       1.7968451995347703e-02, 1.0724696328200936e-03,
       -2.0560023276566804e-02, -8.0623643858018876e-03,
       4.5568276539412353e-02, 1.3014684956400499e-02,
       3.9892022564363278e-02, 5.4355110285265011e-02,
       -1.0257310193649526e-02, -1.1106145906969950e-03,
       -5.6418480801793819e-03, 1.1876469655436117e-02,
       -1.9089677951487995e-02, -2.2515332974663689e-02,
       -1.3737516585562441e-02, -4.8834187072212196e-03,
       -7.5415229407554876e-03, 6.1672613069831093e-03,
       2.9662424263008587e-02, -1.9207600382205092e-02,
       -5.7783261046630442e-03, -1.1818261825531216e-02,
       -1.0765376153744384e-02, 8.6625843131344811e-03,
       6.6384336954583026e-02, -1.2052004659596093e-02,
       -8.6120033171807452e-03, -1.0691704900786709e-02,
       -1.1797421903255265e-02, -9.0797817394395221e-03,
       8.2683956955046344e-03, -1.6714576276735563e-02,
       -1.0048017693618677e-03, 2.4632760976070485e-02,
       -1.4181634497658347e-02, 5.7193490817900681e-03,
       -7.1322687559669555e-03, 1.3809347502516018e-02,
       -2.3566372825845356e-02, -3.5062400825689906e-03,
       3.5851581994611097e-03, -2.2719270695101528e-03,
       -1.1878130799150476e-02, 2.6712183725774722e-02,
       -1.3089135542730024e-02, -1.1290069034824608e-03,
       -4.9175915020755016e-03, -1.6477085868937147e-02,
       -1.8308738261248070e-02, -1.9519870469231412e-02,
       -1.4688777446314191e-02, -1.6397905937344623e-02,
       -1.3223199751653961e-02, -1.6130018467002728e-02,
       -1.1970396641594317e-02, -2.3268108855776775e-02,
       -2.5238548419058746e-02, -2.1410416827911234e-02,
       3.5211481531572379e-02, 3.4317494004097254e-02,
       4.6306926400870078e-02, 2.3996796332778240e-02,
       -2.3252841919695125e-02, -1.4990955286641712e-02,
       1.4187458512065643e-02, 2.0320432036841411e-02,
       5.2230537024337810e-02, 5.3271784456962630e-02,
       -1.8702956372998427e-02, -2.2280064109618920e-02,
       -1.0299491938619341e-02, -1.6191286643645983e-02,
       -1.3912363664094091e-02, 6.0235663204554479e-02,
       -1.9416113760159826e-02, -2.1939584591495070e-02,
       -1.9751611945330934e-02, -1.5159357137516094e-02,
       -1.0124973532808888e-02, 3.3156444913081791e-02,
       -1.3769701816970714e-02, 1.6032377058837727e-02,
       4.3021151163450538e-05, -1.7818112679422377e-02,
       -1.8316272218854856e-02, -2.3622783202397416e-02,
       -1.0425182247305417e-02, -1.9650743071461786e-02,
       -1.7771707800497465e-02, -9.9648411742813553e-03,
       2.2449445761472946e-02, -1.5879890234748908e-02,
       -4.6946011205675191e-03, -1.3553025594211635e-02,
       2.5274063212156979e-02, 1.3899607501563469e-02,
       2.4919289870381413e-03, 4.5491377964393554e-03,
       -8.0932520964282720e-03, -1.5629911725105292e-02,
       3.1026156724739809e-02, 2.2449017051713049e-02,
       3.2562942092514806e-02, 7.1669004146240903e-02,
       -1.4646098859992285e-02, -9.0961543240212286e-03,
       -1.8763616801064090e-02, -2.2266329645716974e-02,
       -1.1861341229553546e-02, 6.5935930034108067e-02,
       -1.7869432755735225e-02, -9.5098252293486438e-03,
       -2.5169350818549423e-02, -3.0438838992975691e-02,
       -2.1437652992786112e-03, -2.0954584218724301e-02,
       -1.7863957978093113e-02, 1.1574116275987164e-02,
       5.6780404370763295e-02, 1.7730643704537839e-02,
       -6.7413972935604274e-03, -1.4004145353643532e-02,
       -7.2640679045943846e-03, -1.2228109366218480e-02,
       -1.4423690610842779e-02, -1.5765715802090081e-02,
       1.2200546888287780e-02, 1.0157769308473501e-03,
       3.6957100874058357e-03, 1.3394959533602131e-02,
       -7.7560240176984593e-04, -6.2075688538327659e-03,
       -3.0949746362009378e-03, -2.7023975803822948e-03,
       4.0395141731737680e-03, -5.3933848173541039e-03,
       2.0030490207464426e-02, 3.7039741751638537e-02,
       1.0716164248881074e-02, 4.3899734544137675e-02,
       -1.1659070021141332e-02, -1.7094919839715270e-02,
       -2.0007498324555655e-02, -1.5548869132155953e-02,
       4.8940100788760115e-03, 6.2184738570765563e-02,
       -1.1310031675953718e-03, -1.1350085895692891e-03,
       -1.6581953930669031e-02, -2.6625746563413464e-02,
       -1.8573125812730927e-02, -2.3554703616727610e-02,
       -1.8651447976392836e-02, 4.4433885821372407e-03,
       -1.1532424940240748e-02, -1.8987187526172025e-02,
       -1.3406825348414451e-02, 4.5568897468589442e-03,
       -1.1218278983441316e-02, -1.8190980731277173e-02,
       -2.0024626581090724e-02, -2.1188816687480051e-02,
       8.4328776032865059e-03, 8.5522291964534661e-03,
       -9.4432743794971869e-03, -7.1735121574217362e-03,
       -1.8057549073625157e-02, -1.7199616817758768e-02,
       -3.6514280462361156e-03, 4.9127845129357164e-03,
       1.0393429257466554e-02, -8.1448569256879003e-03,
       -6.2072318107722381e-03, 1.2369559045165596e-02,
       -9.3521376205414133e-03, -9.7739819955639778e-03,
       -3.7222340835308711e-03, -6.5909897761369327e-03,
       -8.1695223733834529e-03, -7.0321460544430989e-04,
       1.2596490219120102e-03, 5.1549858748901976e-03,
       -7.8627067253894470e-03, -1.9952164398221901e-02,
       -1.7067353143731069e-02, -2.1977488972569230e-02,
       -9.8333514469910836e-03, -1.5532298280095672e-02,
       -9.0716931439232609e-03, -1.7127000581217907e-02,
       2.4553413729067407e-02, -9.5555982886949397e-03,
       -6.3450093532199381e-03, 2.5741062615797866e-02,
       -2.2424245678489680e-02, -2.1308577241061423e-02,
       3.7310930625864346e-02, -1.8409333238918378e-02,
       1.1111913724087669e-02, -7.3325332135458880e-03,
       8.5313907477426974e-03, -3.0806329692583080e-03,
       -1.2752271155200234e-02, -2.0053733209824981e-02,
       1.4751705379943268e-02, 9.6239892564132842e-03,
       -9.5491267162923412e-03, -3.9219994794297847e-03,
       -1.7006751455823175e-02, -2.1328432525557744e-02,
       -5.9533414456664803e-03, -1.5298830329267725e-02,
       -1.3706005466227010e-02, 5.8550310398242751e-03,
       -4.6300785630272370e-03, -7.0379449011683214e-03,
       -2.0638212594991705e-02, -1.3937016113351507e-02,
       -2.6380901513542894e-03, 2.7636691812448801e-04,
       -7.7554117667160225e-03, -1.3729130908204995e-02,
       -2.2485528959490839e-02, -5.5660718012975272e-03,
       3.8911367653783044e-02, 4.0465187149238878e-02,
       4.1285502480704561e-02, -1.6568028947515828e-02,
       4.8612021004687256e-02, 4.4107440622158788e-02,
       -2.2269758907543395e-02, 3.1010479852132941e-02,
       4.3750565504459056e-02, 5.3938868976531010e-02,
       7.4557448848517408e-03, 2.2136086724181148e-02,
       8.7756911378762559e-03, 3.4267914697597379e-02,
       3.4021681343313563e-02, -1.8720067624921483e-02,
       1.2914985991563271e-02, 6.9453566956636306e-03,
       -1.8746637169305413e-02, 3.3302628162358044e-02,
       -4.6700722756222359e-03, -2.4978765722672044e-02,
       -5.2893556131052136e-02, -2.5200786387204931e-02,
       1.4256808065606410e-02, 3.1043582082388801e-02,
       3.3643468608210172e-02, 3.1372702411065517e-02,
       6.1485714228185790e-03, -4.1946626983232545e-02,
       -2.2482384872461618e-02, -1.0490365234352230e-02,
       1.9094867250394665e-02, -1.3995610005730408e-02,
       2.0579895815229874e-02, -7.4020824323666572e-03,
       1.7966332772201995e-02, 1.8239176226661401e-02,
       2.6042544777513568e-02, -2.1965256973832920e-02,
       1.1250266039083169e-02, 1.4242303908674304e-02,
       1.3582815140863867e-02, 1.3592771464526931e-02,
       2.0502546946567671e-02, 2.1478043543663367e-02,
       1.8018810356241512e-04, -2.6761155057766384e-02,
       7.8499054355849335e-03, 1.3446288574039615e-02,
       -1.0924802560292183e-02, 6.1825731394374956e-03,
       3.0848603499914570e-02, -3.1654418648885983e-02,
       3.6519982970429909e-02, -1.8062408973815646e-03,
       -3.4910050133930393e-02, -2.3906772051683414e-02,
       2.3060546932929589e-02, -1.4919806258177667e-02,
       3.6946460690034669e-02, -9.8640131932607455e-03,
       -2.1230218077036588e-02, 7.2410969981042501e-03,
       3.3089036957096758e-02, -1.7147528388303208e-02,
       -2.7804211954002841e-02, -4.2643237533151718e-02,
       2.2209696422273204e-02, 1.0836592585569802e-02,
       2.3528863847862416e-02, 2.4934639669610240e-02,
       2.2826902353331124e-02, -5.5870298516102288e-03,
       -1.9026306521380820e-02, 2.8949668186459953e-03,
       -1.1262521938841426e-03, 1.7836018999167209e-02,
       1.8000374476576750e-02, 3.3762351095374642e-03,
       -3.7660063175874461e-02, 2.9285819119401174e-02,
       -1.9040143086186727e-02, -4.3220532698226316e-02,
       -8.4798745924295066e-03, -2.2436430584899275e-02,
       -3.5831666440411802e-02, -3.0737887037277076e-02,
       3.4935572715702176e-02, -3.0091608926638577e-02,
       5.9543389171323804e-03, -6.1784302150518959e-03,
       -2.0267602925070852e-02, -6.6741413148797262e-03,
       1.9923660841224194e-02, 3.5362293893534194e-03,
       4.1889055891854522e-02, -1.7769819583960383e-02,
       -9.2226345789637992e-03, -8.0386158652601663e-03,
       1.2749503319383668e-02, -1.5206445593357010e-02,
       -2.7456194592045305e-02, -1.4831039977721963e-02,
       3.3381256101247786e-02, -1.5877943349837817e-02,
       3.8513292201433645e-02, 3.5667261537977578e-02,
       3.9938337995256406e-03, -2.9362306080704934e-03,
       2.7244555739427426e-02, -1.7594484446813531e-02,
       -3.2457457987444975e-02, 2.0422042876901990e-02,
       1.1469542870063423e-02, -3.7630585844824295e-02,
       -3.0221330494784863e-02, -4.1107074557000488e-03,
       1.4751047371131750e-02, -2.6417915814850167e-02,
       -3.7083227259208538e-03, -1.8536347748426645e-02,
       4.3660529702710723e-03, 4.3460898959467746e-02,
       3.5975836113396234e-02, 1.1250335056133421e-03,
       -9.7074774316768773e-03, -2.4098014793377212e-02,
       -3.2764905085728949e-02, 3.3176243580681712e-02,
       5.5169746022368758e-03, -6.3102232540620780e-03,
       -5.8471379199951275e-03, 2.4880811291449791e-02,
       1.7328161436069443e-03, 1.8797926834366496e-02,
       1.6503242530284293e-02, 1.4505746795324018e-02,
       -4.1532994660472930e-02, 1.7206826731053872e-02,
       3.8496697915253293e-02, 7.2463795600367963e-03,
       -1.0395392811831310e-02, 3.2835313679035055e-02,
       -2.9356029483901383e-02, -6.1139732124701387e-03,
       -1.1968598808498912e-02, -1.5068500489007684e-02,
       -2.9121582935430941e-02, -1.2388117149027584e-02,
       -3.2224422222062350e-02, -2.8969979916891306e-02,
       -2.8273565154031920e-02, -1.9020987839436440e-02,
       -3.4093449062447344e-02, -3.9405499356640741e-02,
       -4.0729268272120568e-02, -2.1355783875083759e-02,
       3.1189004882210498e-02, 2.6787742252384235e-02,
       2.5359982775366382e-02, 3.2801961587305931e-02,
       1.2002824446930493e-02, -1.9733388162091629e-02,
       -1.5556448153951474e-02, 1.7184665668545037e-02,
       2.8946738239221132e-02, 2.1206750620897368e-02,
       -2.2084433215787784e-03, -3.3521658367492865e-02,
       6.7036429416333990e-03, 2.8921136924022324e-02,
       6.6490409201925985e-04, 3.4152817470985086e-02,
       -4.1014880550568365e-02, -6.8232964233121869e-03,
       8.0084530950559271e-04, 2.7339061779056317e-02,
       -1.8604971487338563e-02, 2.0149610294032706e-02,
       -2.3365971427737577e-02, 4.8800975039295390e-02,
       3.0539322194365379e-02, 3.7041897265744889e-02,
       -3.2864650396223882e-02, -3.4251067433289095e-02,
       -2.8507843324966229e-02, -2.5405267360727304e-02,
       -3.0753678455871642e-02, -1.2328273253715659e-02,
       5.8920918036705835e-03, -7.7283202545551828e-03,
       -1.8405723364952505e-02, -4.0688146823021718e-05,
       2.9880306928800341e-02, 3.9961503299408986e-02,
       -2.0759412408096763e-02, 2.6841500575087031e-02,
       3.3476222128136666e-03, -2.4575369104558840e-02,
       2.5660711139773935e-02, 3.6853560682890904e-02,
       1.5298471383879839e-02, 4.5084982737033250e-02,
       -2.1261111962570960e-02, -8.6621097919524562e-03,
       -1.8394547182219612e-02, 2.8943177832490882e-02,
       1.7328528074533403e-02, 4.8186950213114477e-02,
       -3.1519779328542073e-02, -7.8720266930365317e-04,
       -2.3006287741742754e-02, 3.3888945833657313e-02,
       -4.7238656819491871e-03, -3.1468101501643891e-02,
       -4.6344690508524272e-02, 3.5496472135731816e-02,
       5.5350139137385686e-02, 4.7988577341642379e-02,
       -2.3394238268486009e-02, -1.8557046690894616e-02,
       -2.4078149531211249e-02, -2.3935495373561225e-02,
       -1.9086221032330444e-02, -3.2003488028899622e-02,
       5.5023777874431360e-03, 2.1514661891967338e-02,
       -5.7732728904493396e-03, 2.6178211516142830e-03,
       -1.2871814273693397e-03, 1.8675769281236473e-02,
       -3.2416647546920717e-02, 3.1949744771113051e-02,
       1.3858678082488069e-02, -2.3704655107149378e-02,
       2.8903727638885390e-02, 2.3321318167884818e-02,
       -1.8401955696939466e-02, 4.0340326473504988e-02,
       -2.8653069173550975e-02, -3.7004489623951378e-02,
       -4.4681619751397376e-04, 3.0838744055071747e-02,
       -1.4598366387639951e-02, 3.8458079767674083e-02,
       -1.1115477866158657e-02, -1.9020209920685083e-02,
       -2.9037831855101292e-02, -2.2022775621981749e-02,
       -3.6622586068376872e-02, -2.7302243171911020e-02,
       -4.2415365545636047e-02, -1.4376567150113779e-02,
       -7.0097259750969134e-03, 2.8634959069997773e-02,
       -2.8498332991168406e-02, 4.0613105083447277e-03,
       -1.4525185702358371e-02, -3.0608169385778698e-02,
       -2.2864594330142003e-02, -1.5415269490903905e-02,
       1.7648171453088578e-02, 2.9942357784447867e-02,
       6.2606522354740346e-03, -1.9303376874040004e-02,
       -2.7894739053690835e-02, -2.1950317707693210e-02,
       -3.0003054097383738e-02, 2.0741295342954248e-02,
       4.3320684770528379e-03, -1.6123848361208691e-02,
       8.0820903006554104e-03, 3.1025948498336620e-02,
       -3.9797342887380280e-02, -3.2192361960898364e-02,
       -3.5418770187631225e-02, 6.2520339027257862e-03,
       3.0739914105724096e-02, 7.7369868645797216e-03,
       1.0886356931317136e-03, -1.3978411485643001e-02,
       -1.4291212689477674e-02, -2.4901626868208161e-02,
       -1.9278991548659849e-02, -1.9417585950857325e-02,
       2.3850520967270764e-02, -2.0841516949054315e-02,
       -5.8609496892587098e-03, -2.6219167911860502e-02,
       2.9472872022731272e-02, -1.0817480368224009e-02,
       -2.2376355140218976e-02, 1.8466591506462716e-02,
       -3.1779409044399111e-02, -4.2004541635831151e-02,
       2.9611913282447087e-02, -1.7091359263762696e-02,
       3.6643820925063068e-02, 2.9366158468228470e-02,
       2.4085989479811776e-02, 3.8521401312611336e-02,
       -1.2449657908070006e-02, -8.6814653916336866e-03,
       9.5582260166835204e-03, 1.3595340649418855e-02,
       -1.1316381812945586e-02, 2.7424494326083876e-02,
       9.4644222444570866e-03, -2.9706561742721946e-02,
       -3.5194364691534814e-02, -3.7850270504955291e-02,
       -1.7422260638473880e-02, 2.9799915080037123e-02,
       2.8893144568366488e-02, -2.9905811521793377e-03,
       -2.6174349015117830e-02, -4.7438082956531638e-02,
       -1.8178762702649773e-02, -1.7232773914346633e-02,
       -1.3414776290682672e-02, -3.8463577124264486e-02,
       3.3286569195015665e-02, -1.5656989507909724e-02,
       2.8106703035834298e-02, 2.3570741968841888e-02,
       2.4169843408609927e-02, -1.9187157916434522e-02,
       2.9351493153053604e-02, 2.1603363020269939e-02,
       -2.6939818034593846e-02, 2.5350828475351438e-02,
       1.9216076885743436e-02, 2.2080781261360420e-02,
       -8.4019649590524811e-03, -5.0405455365209080e-03,
       -5.3618085965027682e-03, -2.3727532417945610e-03,
       -4.0192565405041715e-03, 1.3860390755908888e-02,
       4.9423041152901834e-04, 1.4928443397960265e-03,
       -4.5058093577859844e-03, -1.3122959993969188e-02,
       -1.5783613467680931e-02, 2.4290091043290149e-02,
       -2.2593931842161571e-02, 1.7260878501233742e-02,
       7.1420958190996659e-03, -1.8153093230745473e-03,
       4.3378747822403266e-03, 1.8037443010961031e-02,
       -3.4013434894262463e-03, 1.4550815984023652e-02,
       -2.5814065136094758e-02, -2.5053978093593193e-02,
       -8.5998905368109453e-03, -3.6906249804110614e-03,
       9.1733514810747267e-03, 4.0505916931866566e-03,
       -9.9146633072301083e-03, 4.1259808961317942e-03,
       1.1538700344203668e-02, 1.1194380426594607e-02,
       -1.6451032568024538e-02, 6.0483330829099622e-03,
       -1.5023740950202549e-02, -1.5346048532095993e-02,
       -2.9726118970242448e-03, 1.7341237854302308e-02,
       5.5592850979799963e-03, -1.7384410539495864e-02,
       -2.6674310720473968e-02, -1.0788546906111347e-02,
       -9.6670946631889840e-03, -5.2010279800507311e-03,
       2.4779239598050506e-02, -4.9181577118207979e-03,
       -2.6476892075710877e-02, -1.7824604322288121e-02,
       -2.6487696640843925e-02, -1.2036049501249074e-02,
       1.2693674572503279e-02, 1.4775087032273740e-02,
       -1.5169738853959214e-02, 3.8148608666985218e-04,
       6.1771414045882420e-03, -7.9922943529156902e-03,
       8.7592915738394783e-03, 7.5858543516823061e-03,
       -3.2252529528414807e-02, -1.7663808870360353e-02,
       -4.6946803629517907e-03, -1.6643594350690481e-02,
       8.9197027454032095e-03, -4.0339946314845053e-03,
       -1.2497533457526038e-03, 1.3031158391676933e-02,
       1.1440504056667800e-02, -8.7883251162526807e-03,
       -1.6162848123520188e-02, 1.8934239379791449e-03,
       -1.1925882584629139e-02, -1.0184871113751572e-02,
       -1.9586124675000450e-03, -1.4545323065766518e-03,
       1.3345966166017048e-02, 1.5331357820554494e-02,
       1.5251694424358997e-02, 7.8866730885090129e-03,
       -1.3205072243607941e-03, 1.5372619971631590e-02,
       1.8788278505117547e-02, 3.5536628179687800e-02,
       2.9757187000210621e-02, 7.0228257332558630e-03,
       1.5528841976814783e-02, 4.3933651977808547e-02,
       -2.1141222702537411e-02, 2.0684312489324289e-02,
       3.2480062056003808e-03, 1.5070683834993662e-03,
       1.8634926613057896e-02, 4.3057667817925173e-02,
       -1.8331523685872656e-02, -3.0038127860572608e-03,
       -2.4613317089818350e-02, -1.6333710952750123e-02,
       4.1036667271028369e-03, 6.5000090118181118e-03,
       5.0126317367061649e-03, 2.1785474760758015e-03,
       6.6445914353997710e-03, 1.9610113440566047e-02,
       2.4321273676100361e-02, 1.5527066835631402e-02,
       -2.3351448269099268e-02, -2.4172092036610906e-03,
       -2.0114104750669558e-02, -2.4620843536250169e-02,
       -1.5187484078576148e-02, 4.0943966423694781e-03,
       1.2189629135114788e-05, 1.8115850695861729e-04,
       -6.2765068872831717e-03, 8.8691781610586613e-03,
       9.4050977719374249e-05, -1.7203329585513795e-03,
       3.0599215487279424e-02, 1.5435625091533690e-02,
       -7.1816544941064996e-04, 7.4127793733775107e-05,
       8.1220231913887268e-03, 2.2108654566908324e-02,
       9.9994637540378080e-04, 1.5964563702938753e-02,
       -1.2167366066031087e-02, -3.3627644194847775e-03,
       9.1716161152283638e-03, 1.1197388162478068e-02,
       2.0871061405229284e-02, -5.6526464761263613e-03,
       -4.7196659823309450e-02, -1.5008797344491003e-02,
       7.2770045636075878e-03, -1.1086407106389504e-02,
       1.5661074653001417e-02, -7.5575185833546728e-03,
       -3.1502485509446818e-03, 3.0780545949957758e-02,
       3.2321522077016940e-02, -2.7664577781316832e-03,
       -2.3825976295597642e-02, -6.8297198348191797e-03,
       -1.7591507349459069e-02, -2.0192560923858412e-02,
       -1.5333335249123095e-02, -1.3381262255417858e-02 ]
