%YAML:1.0
bias: 1.4250072089729993e+00
beta1: 2.4122977573034166e+00
beta2: 6.6148333062368829e+00
width: 6
height: 6
orientation: 31
data: !!opencv-matrix
   rows: 1116
   cols: 1
   dt: d
   data: [ 4.1303652921658149e-02, 3.2094044138042149e-02,
       3.2036249928921588e-02, -2.7104263780813619e-02,
       -2.1667558446894754e-02, -2.0196150402979444e-02,
       -2.7954873155840387e-02, 1.6293485561439627e-02,
       4.2628079281916129e-02, -3.6119455550128583e-02,
       -1.2676874601227819e-02, 4.0271414414391776e-02,
       -1.3854937100154022e-02, -3.2600099271703634e-03,
       -2.5694166352976666e-02, -2.6283491347720213e-02,
       2.2795313997018951e-02, 6.0675967404194002e-02,
       -2.9031818621926601e-02, -1.3775046932441883e-02,
       -6.8318005989577643e-03, -2.3520807067921135e-02,
       -2.2239935536167085e-02, 3.5674486718137152e-02,
       1.2450434984406220e-02, -1.1397760919022826e-03,
       2.9497830469356178e-02, -2.5336596440328689e-03,
       -2.0244371585575734e-02, -1.6687833554051859e-02,
       3.7697882587989479e-02, 4.2171483732591469e-02,
       4.3173164173429687e-02, -2.2680136164022851e-02,
       4.2266335894367145e-02, 4.1172930894077420e-02,
       4.8753293501364793e-02, -2.9668328196020284e-02,
       -1.0910176503751930e-02, -1.8383082685491513e-02,
       2.7178112486210868e-02, -9.7965228766450606e-03,
       -2.9457512595676055e-02, -2.3902803225313417e-02,
       -4.6772780327090525e-03, 1.6950327362154662e-02,
       -1.2512687285247782e-02, 5.2752843330126337e-02,
       -1.7155091604039219e-02, -8.1615307928034481e-03,
       4.4150813782931973e-02, 5.1829682400619193e-02,
       -1.0469116142974879e-02, 6.0058072841550500e-02,
       -2.8980057482005564e-02, -3.0924152965312292e-02,
       -5.3324925463602187e-04, 9.2990077998593521e-03,
       -2.7238877821240477e-03, -7.7233424843528350e-03,
       -3.0557467755906495e-02, -2.5064459820105342e-02,
       7.5718399564756915e-03, 4.5811635013983582e-02,
       -6.8239521382863818e-03, -1.0001200396976944e-02,
       -2.9550659739548086e-02, -2.2184131199336956e-02,
       3.7288559736267324e-02, -1.6867114570972386e-02,
       4.0012803131437968e-03, 1.7977811082653351e-03,
       -2.5457209315282369e-03, -2.5016776764452024e-02,
       -1.6396867868840710e-02, -2.2720258157841663e-02,
       -1.8063317668335639e-02, -2.7116995755537117e-02,
       -2.2721284862709929e-02, -2.9312285259648418e-02,
       -2.5985274138163209e-02, -1.3501596735679876e-02,
       -2.5618515593280679e-02, 1.1372117790699170e-02,
       4.8970525435719447e-02, 3.6703349348716566e-02,
       4.5308732129324819e-02, -2.8130124596255530e-04,
       -2.3523116708085816e-02, 1.3951773892694056e-02,
       2.6583981995590290e-02, 3.5268101207397776e-03,
       5.0198877236404451e-03, -1.0229956207705625e-02,
       -8.3805756985423051e-03, -2.5182636058216773e-02,
       -2.2526152731073661e-02, -2.8867727128241448e-02,
       -2.2401643577344636e-02, 1.3311678389926834e-02,
       -8.9677924988891423e-03, -7.6066813625810864e-03,
       -1.8386982861523085e-02, -2.6436752759920537e-02,
       -2.9559383086172491e-02, -2.3263074569981907e-02,
       4.0780269612663688e-03, 2.6112335761415478e-03,
       -5.0835069130722495e-03, -2.2466972890133653e-02,
       9.1171197550408249e-03, -2.6254384030521757e-03,
       -1.5839762764943956e-02, -1.8008565136678582e-02,
       -1.2786270693454376e-02, -1.9584699287118305e-02,
       -1.6635144151993256e-02, -1.8005352785159578e-02,
       -2.2215622096176176e-02, -7.4195660119764821e-03,
       2.0572749061047384e-02, -6.9019093894023865e-03,
       -7.9119912759520305e-03, -1.3599081036379914e-02,
       -2.0622392221054664e-02, -1.3623880157435138e-02,
       3.7488698267749518e-02, -2.1261525597101115e-02,
       -1.7236754609851006e-02, 3.4422455955801838e-02,
       6.5867205324399644e-02, -2.0455826296527757e-02,
       -1.5768855108800793e-02, -1.7653882152435896e-02,
       1.8053663115180998e-02, 4.6690125576433691e-02,
       4.0946550738275626e-02, -1.2061394055089551e-02,
       -1.0712856326792444e-02, -1.4600778634593982e-02,
       1.4349137869473139e-02, 5.4272721490710781e-02,
       9.8183964934579517e-03, -2.9048627298171488e-04,
       7.2179463178362263e-03, -1.5119957131489723e-02,
       2.1880325771720915e-02, 1.8192086911182417e-02,
       -7.7158324390538182e-03, -1.8722545093001371e-02,
       -3.8984071750855758e-03, -2.1251153950912292e-02,
       -1.8248737221390872e-02, -9.8755726579626696e-03,
       -1.1559626877348503e-02, -2.2367861934087976e-02,
       -7.0865671513079941e-03, -5.5676393199912428e-03,
       -8.4443939246515061e-03, -7.6965957600084560e-03,
       4.4654753336427537e-02, 7.1281417772388550e-03,
       4.0250625915010267e-02, -1.0355213874697677e-02,
       -7.8120977958732619e-03, -2.2598455830357328e-02,
       5.1420880976147026e-02, 2.4216995648292300e-02,
       1.8539653220146984e-02, -1.9341458360391337e-02,
       2.3738181953129166e-03, 5.4370647057624365e-03,
       -2.7848530597091893e-02, -1.1436253492820566e-02,
       -1.6118499188451180e-02, -5.5739715352741588e-03,
       -2.0175251169411195e-02, 5.2949935441868094e-02,
       1.1773003499601727e-02, 2.2253966699249030e-03,
       5.4647759932905998e-03, -2.3602445522624312e-02,
       5.5727646005422196e-02, 2.0743157950517420e-02,
       -1.7229623757528720e-02, -1.4706437990055476e-02,
       -9.1260348755903328e-03, -2.2183232017680063e-02,
       -3.5026288187704445e-03, -8.9344946114037829e-03,
       -2.0862574204381791e-02, -2.7240510966866777e-02,
       -1.2553439989991411e-02, -1.3974018321771918e-02,
       -7.5477974232021992e-03, -1.9639079523700960e-03,
       3.9893188153325085e-02, -1.5960914292922783e-02,
       8.3505903858279967e-02, -5.1518817264987922e-03,
       -1.7309149824194011e-02, -3.3659519684509823e-02,
       1.8834845514166410e-02, 4.2301656827778804e-03,
       7.5110538515071129e-02, 2.2355822909649594e-03,
       3.8240232680610865e-02, 6.5577157913915829e-02,
       1.4985982366679111e-02, 1.4958976447595737e-02,
       7.1688304596631679e-03, -1.6388521505826020e-02,
       7.5395618419481121e-03, 1.6103233328592457e-02,
       -1.6221964482002610e-02, -1.7634375103574757e-02,
       2.6301765065215907e-02, -2.4039724809813395e-02,
       5.9041676728821768e-02, 5.2800357485158440e-02,
       3.6241438902589029e-03, -1.4294822364433232e-02,
       -1.2601493155814646e-02, 6.0498121518839957e-03,
       7.6097214018521209e-03, 4.0008244883075021e-02,
       -3.3225881352596381e-03, -1.4158939115795631e-02,
       -6.1340575513903779e-03, 1.1919059832622876e-02,
       1.1034545325207720e-02, -3.2563313844754527e-03,
       2.5300892913347525e-03, -2.6479960636632514e-02,
       -2.2279083788160566e-02, -3.1878261219317312e-02,
       7.0022833657251787e-02, 1.2344318412701265e-02,
       6.9847097892360224e-03, -2.1602307614002773e-02,
       6.5645704672924576e-02, 9.0513046954752256e-03,
       1.6938593343148851e-02, -3.1058104552240118e-02,
       -1.7487239619748483e-02, -1.2219208606924704e-02,
       1.8119776095332399e-02, -5.7583416316401605e-04,
       -5.7767481486938957e-03, -4.5878646915947785e-03,
       -8.3623677276026629e-03, 2.5485587589585378e-03,
       2.7786434430795939e-02, 1.4920409185816040e-02,
       5.9185872040308403e-02, -6.7009873119542041e-03,
       6.6343173534555058e-02, 7.5381402241704275e-03,
       -1.3550270723702792e-02, 1.4253158535506546e-02,
       -1.7372020831940331e-02, -4.9766248057074038e-04,
       -2.3973226539331548e-02, 7.8891068813404241e-03,
       -2.6683591065609417e-02, 2.0040034619431005e-02,
       3.9306188118061733e-02, -3.3307382135975032e-03,
       1.7638138047831181e-02, -1.3452965159355349e-02,
       -4.2192027401275041e-02, -3.9272822234191596e-02,
       5.7003138177145050e-02, 2.9727923406845198e-03,
       6.7298361344718532e-03, -5.3727956772015931e-03,
       -1.8583638154373514e-02, -2.0178086472520614e-02,
       -2.3723736074007188e-04, -6.7267510531620290e-03,
       5.3426471352550266e-03, -1.6705173210669860e-02,
       -1.9679422340306642e-02, -1.8512090069411923e-02,
       -1.4252468239270646e-02, -6.3353948207699913e-03,
       5.2307179522407918e-02, 3.1456748522606777e-02,
       3.1430269047192906e-02, 1.3514399178484052e-03,
       -2.5201410897813945e-02, -2.0705541950021174e-02,
       1.7901869007220184e-02, 1.3014680604525299e-02,
       -1.7406668343170600e-03, 4.0113945600348769e-02,
       -1.0816840357597543e-02, 5.5713999814211407e-02,
       2.8247099252499439e-02, -7.1580812343168595e-03,
       -2.4676693558532612e-02, 4.1266140340355237e-02,
       5.9984261361715309e-03, -6.7320198897308243e-03,
       -1.2793840511741060e-02, -1.3674955757781092e-02,
       -1.5814384909564647e-02, -3.0582264100033105e-02,
       3.8364324450132742e-02, 2.5909049690151790e-02,
       -3.1392947360878456e-02, -7.1127244271645788e-03,
       -1.1309466127642878e-02, -3.3714497251037846e-03,
       -2.7034866869153728e-03, 1.2634561169629214e-02,
       -1.5928007805662229e-04, -1.2505774042168726e-02,
       -2.5275330972413738e-02, -1.5832192583550748e-02,
       -2.6096854340986308e-02, 1.2874371990913958e-02,
       2.6988680130142721e-02, -4.1244551364510206e-03,
       -2.7270392202454887e-02, 9.3007230295414217e-03,
       -1.1834038569849154e-02, -2.9562107600151603e-02,
       -1.7249445370852802e-02, 1.7550644156990002e-02,
       -1.9094483008170630e-02, 1.3368930329985635e-02,
       -2.7987784206245887e-02, 1.8046659595582445e-03,
       -5.8448567794269603e-03, 6.5082755929123182e-03,
       -2.0150512983801491e-02, 1.6297488822596830e-02,
       -2.3687138647847789e-02, 7.4511145071292440e-03,
       -3.7544371035366144e-03, -1.5911374429158655e-02,
       2.8181936292050289e-03, 4.7099884091211450e-02,
       2.2704468385256436e-02, 5.4835240848147664e-02,
       -2.0416843489429959e-02, 1.7377800524308890e-02,
       -1.3504310794837149e-02, 1.9295852825235393e-02,
       1.3907768724319954e-03, 1.3222186995460506e-02,
       -1.1885564078682950e-02, -1.5114575938084053e-02,
       1.4057197482118519e-02, -8.0297549906059619e-03,
       3.7743338978755729e-03, -8.2895959000706208e-03,
       -1.4534943731040105e-02, 1.6637426356379610e-02,
       -1.2282602482008562e-02, 1.0575554557857907e-02,
       -2.2209086198802082e-02, -1.2689346838021901e-02,
       8.7204439018917987e-03, 5.7950347831645876e-02,
       -4.0660448608953112e-03, 1.0817077801453662e-02,
       3.4135164467626024e-02, -9.4359229395191580e-04,
       2.3926108999618972e-02, 6.6998285427762122e-02,
       -8.9603578316612975e-03, -1.4170044711638900e-02,
       -6.4045814909998028e-03, 5.5708839698888339e-02,
       2.6679731409325981e-02, 5.2184622917932355e-03,
       -1.2239103622170316e-02, 2.1361432257330337e-02,
       -2.9377455558276158e-02, 3.0733028902286099e-02,
       -1.1008996197191536e-02, 1.5231786467964491e-02,
       -2.0938339648360598e-03, 3.0652344231026012e-02,
       -2.4276980714558818e-02, -1.9531520874749046e-03,
       -1.4703270798814474e-02, 1.1611671669696578e-02,
       -1.2251281527309992e-02, -2.3987425311240533e-03,
       -8.9321091198386569e-03, -2.8173294820057326e-03,
       2.0271926009899979e-02, 1.9415941478325458e-02,
       -1.9485046373856889e-02, 5.9031696129298629e-02,
       4.6900098047049192e-02, 9.5192355387076419e-03,
       -9.3957453625878682e-03, -3.3869076790785449e-04,
       3.8087101125714860e-02, 4.3831775549851869e-02,
       6.3648678115016288e-02, 4.9422691737868361e-02,
       2.6063022155515373e-02, 3.1052360393871294e-02,
       5.4474625969218364e-02, 2.9196253619567663e-02,
       2.8896161113434689e-02, -3.2679006134152819e-04,
       -2.0907296775063693e-02, -1.0951077828271811e-02,
       8.6964191062690026e-03, -5.8907168912547200e-03,
       -2.1942593556441892e-02, -6.2150223900470968e-03,
       -1.1080386747331281e-02, -9.7769511147573207e-04,
       -2.6804078663347129e-02, -1.1779974775756770e-03,
       -2.2557436868427282e-02, -1.0426929133407226e-02,
       5.0309059992701107e-03, -1.2846811689565989e-02,
       -1.6490924145848546e-02, -1.5381918240768594e-02,
       -8.8467690291328133e-03, 3.3776328862824972e-03,
       -4.8845852524097566e-03, -1.2735373846407005e-02,
       3.0743618791830175e-02, 5.2368633097351305e-02,
       1.1366892559716284e-02, 3.8962569257642118e-02,
       -7.1226141403550672e-03, 1.6805560879255482e-02,
       1.8023792482914528e-02, 8.6872604615069841e-03,
       -1.4447887080229396e-04, -1.5715533400351917e-03,
       1.7353075271250275e-02, 3.8297417712943135e-02,
       3.8030448058074935e-02, -1.0812516421997695e-02,
       -2.1520612696734841e-02, -2.4151707197494279e-02,
       -2.2587974159095248e-02, -9.5969054813328201e-03,
       -9.7789763810146296e-03, -6.4846529088593424e-04,
       -2.3710968650833733e-02, -3.3487550018565003e-03,
       -1.9432354515186746e-02, -6.6415939573328305e-03,
       -2.6829108299113794e-02, -1.1559319105245158e-03,
       -1.8564241284051208e-02, -2.1383229724370262e-02,
       -1.6667873182872557e-02, -1.5489182927761302e-02,
       -1.0895707738948195e-02, -9.9663256099478854e-03,
       -1.5352232367568519e-02, -2.0548197813290703e-02,
       -2.1798627554473135e-02, 1.1218177269603476e-02,
       -1.5795843939649439e-02, -9.5121886973632379e-03,
       -3.0063379608248307e-03, 1.6308010034283449e-02,
       -8.4467551158655466e-03, 2.1197325296540359e-03,
       -2.6822206449968966e-02, -6.5712871730665059e-03,
       -1.9214718057607719e-02, -2.5344638825471527e-02,
       2.2217899701253700e-02, 2.7538530011604057e-02,
       -1.1448641024309043e-02, -3.3074543937357870e-02,
       -2.9916332633556135e-02, -6.8044389281753069e-03,
       -3.4998812048652149e-03, -6.3378738038951093e-03,
       -1.4030620852260416e-03, -3.1934551580659692e-02,
       -1.4981644059823190e-02, 6.0741009576502757e-03,
       -5.7786140759484329e-03, -7.9258592275064706e-03,
       2.6014754258302675e-03, 5.9879881119517746e-02,
       -1.1259872611768754e-03, -8.8550832310507963e-03,
       -1.1916917086288965e-02, 2.2438179766191734e-02,
       -1.5601428719924818e-02, -8.0491151346143413e-03,
       -1.7700200773899426e-02, 4.0487386973974304e-02,
       -6.0355471069955379e-03, 9.0030845949111878e-03,
       -2.2488066084394999e-02, 5.8748683591795959e-03,
       5.1102642881365387e-03, -1.3137799101636373e-02,
       -8.2022622243031560e-03, 1.0418776190570064e-02,
       -1.2825039579358904e-02, -1.5644806608938404e-02,
       -1.4205262294192018e-02, -1.7890475854086207e-02,
       4.1521335709452691e-04, -6.0865580027999796e-03,
       -2.7659870762340825e-02, -1.5309431988364161e-02,
       -5.0296416480342752e-03, -7.4673984997508970e-03,
       -3.6037264340042091e-05, -7.3629598764862608e-03,
       1.3691251653483952e-02, -5.8083070155584933e-03,
       -8.5333034365829650e-03, 2.6169089787748102e-02,
       3.1589039399293688e-02, -1.5509366582057878e-03,
       3.3163165992906037e-02, 6.4651998709944453e-02,
       -3.1229400768858100e-02, -1.5302307084238066e-02,
       -2.0321045459160102e-04, 3.1679558725654575e-02,
       1.4341432940363483e-02, 1.3039073202010549e-02,
       -8.8994892436286884e-03, 1.8126364934200216e-02,
       -9.0561566533323978e-03, 3.0735146972614199e-03,
       1.6846346857566929e-02, -6.9506503616212287e-03,
       -1.3004432415795172e-02, 9.4136105295484253e-03,
       1.6138899212022030e-02, 1.2486530029030761e-02,
       -1.7482231942570522e-02, -1.9591672958087607e-02,
       -1.8071159315120371e-02, -2.5913673027340586e-02,
       2.4688519182366996e-03, -1.6820642426065801e-02,
       -2.3583845781062762e-02, -2.7647754037514266e-02,
       -8.7856966212954621e-03, 8.0938657050152914e-03,
       5.2558558908975643e-04, -3.9177728762758764e-03,
       3.3833315807274528e-02, -7.1216969841384767e-03,
       -1.5848950897893899e-02, 3.3381844279476262e-02,
       -5.8164732977368221e-03, 4.2187383456238702e-02,
       1.1426494503013239e-03, -1.3062057605421043e-02,
       -3.0973592285425476e-02, -9.2036109021783781e-03,
       -1.2164296264692761e-02, -9.9770583474423635e-03,
       -1.1372720993727093e-02, -1.0580016512507111e-02,
       3.3143234949769979e-03, 6.6061267457711813e-03,
       -1.3242596753745514e-02, -1.2873058504477064e-02,
       6.3593531045193106e-03, 5.8115232319594458e-02,
       1.8806690511879703e-02, -2.9426887042190542e-02,
       -2.5683410292363911e-02, -1.7862653004164508e-02,
       -1.9113573942268397e-02, 9.6696457458195599e-03,
       1.9388586831211772e-02, -1.4190613718849752e-02,
       -1.9568550366308553e-02, -1.3523869355202472e-02,
       -2.6132688813483788e-02, 2.2465326757939597e-02,
       2.1854805467160007e-02, 9.8862869720452908e-03,
       -1.9657069636751470e-02, -3.8919981200437308e-03,
       2.8764526953613872e-03, 6.9348926903764929e-02,
       1.2226979352867296e-03, 7.0454166604043120e-02,
       -6.2245679230409426e-03, 2.6465929848475959e-02,
       1.5304941937141457e-02, -2.1853491602470996e-02,
       -1.0379504205248406e-02, -2.4163845723064389e-02,
       -2.3404279084578393e-02, -2.1614769506406138e-03,
       1.0189621986108378e-02, -2.2398167141224667e-02,
       -3.3122372771942056e-02, -2.3673235806993251e-02,
       -5.7127895292030471e-03, -2.8142746867429198e-04,
       2.9112107703941459e-02, 3.3417984406409154e-02,
       -3.1263737312346135e-02, 2.4357965488022600e-02,
       -5.5868601840574203e-03, 7.1548827797018434e-03,
       -2.7096481176440725e-02, -2.1386780821594379e-03,
       -1.9359281176183171e-02, -9.1541482466838513e-03,
       -3.5520665351933389e-03, 4.5927265944407771e-03,
       -2.6281604848685948e-02, -1.9252479796712046e-02,
       2.3441819420077677e-03, 2.5725732561442050e-02,
       3.6619170607178494e-02, -1.1930896436534650e-02,
       1.7889066532640004e-02, 4.9705646654031592e-02,
       -9.9431575636196139e-03, 5.0512593353888961e-02,
       -1.1208418732444738e-02, -2.1802201580508829e-02,
       4.7329502093421454e-02, 3.1160924262653059e-02,
       -1.3881409911981269e-02, 5.4624660868054882e-03,
       -1.6663382058929154e-02, 2.6405484409775084e-03,
       5.7777610188015097e-02, 4.4747138405420911e-02,
       2.2124597350082646e-02, -6.2358261887652524e-03,
       3.3635377727378284e-02, 4.6525434414744507e-02,
       1.4408497961485712e-02, 2.0965073309246789e-02,
       1.9604044003124710e-02, -4.7510915766243333e-02,
       -2.3451100357219718e-02, -2.1955729237080734e-03,
       -3.8071256873708458e-02, 8.1048616681989403e-03,
       1.0769756380770811e-02, -2.3189617462681396e-02,
       -6.6790808088877662e-03, 2.6306267377502805e-02,
       -3.2504702845381067e-02, 1.3902611326613853e-02,
       -3.7317412925855865e-02, -1.2828314213243902e-02,
       1.9733470151748977e-02, 1.7769787554728224e-02,
       -2.0142969805174722e-02, 2.6953053819343990e-02,
       2.4260287879110443e-02, 3.0576909963383511e-02,
       -3.7702926604400021e-02, 2.6880396367618430e-02,
       7.1584255028603267e-03, 2.2072298951563887e-02,
       2.2309361537456766e-02, 1.6342768621152713e-02,
       -2.5969317518864121e-02, -2.0024758772244567e-02,
       2.3424692099881742e-02, 1.8125908214531507e-02,
       2.4393352295989955e-02, -2.1101571439173711e-02,
       1.9931326591947574e-02, 1.5960728577733743e-02,
       2.1964263321789669e-02, -1.0089662641720393e-02,
       -2.5097420196461481e-02, -2.8162280435817567e-02,
       2.2043564062159234e-02, 3.0643320876637001e-02,
       -2.7251389023581311e-02, -4.9736841345385686e-03,
       2.0470359918043135e-02, 1.2413580387305350e-02,
       1.8355791772902683e-02, 2.7022417826708080e-02,
       -1.7336214558167105e-02, -1.4995716510293510e-02,
       3.4185233418000963e-02, 3.1554322936681006e-02,
       2.3707622748447621e-02, 2.1917735725634949e-02,
       -3.5385953691191525e-02, -4.6279658575056780e-03,
       -2.8861599031072709e-02, 3.3952487890148014e-02,
       -4.9165568687328833e-03, 1.5958686363395889e-02,
       -3.0819713370429203e-02, 8.5452678448231165e-03,
       -1.2137442357728682e-02, 2.4744261843872524e-02,
       -9.8229958137592242e-03, 9.2879904341289319e-03,
       -4.0555364237629836e-02, -1.9628475780739015e-02,
       2.3195160433369909e-02, -8.5511621242596245e-03,
       2.3114294212230824e-02, 2.8349175960520345e-02,
       -2.0247543521374686e-02, 3.0766147232749775e-02,
       2.7138755320233188e-02, -1.0751993137884592e-02,
       -2.3350045173830155e-02, -2.5453629433475917e-02,
       1.1812377986315490e-02, 1.8589018659379807e-02,
       3.5418302291815931e-02, 3.2710181038364240e-02,
       8.6003735484752892e-03, 3.6515490566375611e-02,
       1.9459857572402008e-02, 3.0757632856073747e-02,
       4.6498834382974634e-02, 2.7650473593779567e-03,
       -4.2520395012915053e-02, 6.9941258741114598e-03,
       4.1572414625581533e-02, -1.0392645874071301e-03,
       -1.5948136060386559e-02, -1.0364001871099780e-02,
       -1.6432004248116208e-02, -2.1799012550809273e-02,
       -4.8274077196603281e-02, -2.8515559887807670e-02,
       -4.3473591728335953e-02, 6.1612619347768734e-03,
       -7.6551076127785462e-04, -1.9538365503574465e-02,
       -3.6146138295893949e-02, -4.2656842283126113e-02,
       -3.8497371896147103e-02, -1.5883653577102273e-02,
       1.0401443579982662e-03, -9.3010311340278040e-03,
       2.6551736422728719e-02, 2.6684357353612312e-02,
       2.3792365967769603e-02, 3.2630055850981464e-02,
       -2.2814158444482868e-02, 6.6968514553747058e-04,
       3.0677528718648719e-03, -1.0330896916742431e-02,
       -1.6343545080177650e-02, -1.7989928014171781e-02,
       -3.3463154023426769e-03, 3.3638659427066425e-02,
       3.1432554937058786e-02, -1.5313382394092970e-02,
       -2.9637071809789767e-02, -3.7500749204475138e-02,
       -4.3743953431847039e-02, -2.3620729514278658e-02,
       3.3350337552888930e-02, -2.2672415299037522e-02,
       -4.2152138856842297e-02, 3.4480437005745108e-02,
       4.2495440263401470e-02, -2.7345106322139198e-02,
       -4.1181200875483069e-02, -1.9110337849551691e-02,
       -3.3442030456796654e-04, 2.4921948714578146e-02,
       2.0871163893407089e-02, -2.6762195472458322e-02,
       -2.1729093034653337e-02, -2.5490673076206737e-02,
       1.6873234264327373e-03, 2.9519839317843945e-02,
       -1.1773623701776403e-02, 1.0727598703673090e-02,
       -8.8034670396094430e-03, -2.5711550644525953e-02,
       1.9447199690911191e-02, 3.0231849160962682e-02,
       -1.5704447038759003e-02, -1.2471494556473806e-02,
       -3.1147225053040340e-02, -2.8744949742660383e-02,
       -3.7649716518294921e-02, -3.6230870077918455e-02,
       1.1496597791717182e-02, 5.6409342224340618e-03,
       -1.6093758260474465e-02, -3.9446292738212367e-02,
       -3.9291322620932656e-02, -1.2000935283745375e-02,
       3.9616641120794445e-02, 6.9058382669626888e-04,
       3.7253149923791709e-02, -4.2394480521564172e-02,
       -2.4141233123743250e-02, -1.3883351404011278e-02,
       3.8272048091048796e-02, 1.6601616545877815e-02,
       2.6619204506109245e-02, 3.9361752867119688e-02,
       9.0418187715652081e-04, 3.8128927544152716e-05,
       -3.9542944970887423e-02, 1.2144838516527702e-02,
       -3.0421576527305001e-02, -1.4082526234574266e-02,
       -3.4003162262767318e-02, 4.4821890617954697e-02,
       5.0722878827342641e-03, 1.2893947661658673e-02,
       -1.7303765877661428e-02, -1.8511203645487077e-02,
       5.1303832242918575e-02, 7.6004250267857629e-03,
       -2.6800527497921094e-02, -4.3729972091074067e-03,
       -2.2969046150711339e-02, -3.9189686343896996e-02,
       -1.8504728825999225e-02, -2.6786561104204288e-02,
       -2.1360095950584364e-02, -3.4126206208388479e-02,
       -4.0426231914402116e-02, -3.0410691503531304e-02,
       -1.2207453665102806e-02, -1.0373150270597931e-02,
       3.9083815943337645e-02, -2.4602191155538761e-02,
       3.9745246568517481e-02, -7.0271652768785688e-03,
       -2.5134018105079696e-02, -7.6187545718505306e-03,
       4.0588920815978195e-02, 2.2063297595084383e-03,
       3.5578165110164331e-02, 4.3231191175582238e-02,
       9.1118660080852822e-03, 4.3435910208664830e-02,
       1.4398283618125307e-02, 4.7698169777448632e-02,
       2.0371683713071582e-02, -2.4845229227937020e-03,
       -8.0655534237791078e-04, 3.4160590575823276e-02,
       -2.6262742874387946e-02, -1.5536833274202286e-02,
       3.8486559223504371e-02, -2.9398673638461267e-02,
       3.8914948482974436e-02, 4.2617047559708889e-02,
       2.1625312340526719e-02, 1.6168186000613380e-04,
       -3.0521070777842819e-02, -1.2225035410140001e-02,
       -9.4324264283977919e-03, 1.8165115926811658e-02,
       2.0516047757336460e-03, -3.1021341224926485e-02,
       -3.0962685244186938e-02, -1.3666690842536897e-02,
       5.5083499470520662e-03, 8.6930733759136933e-03,
       7.4356996403383332e-03, -2.8943108761451102e-02,
       1.7121641048494216e-02, -3.0804671031646066e-02,
       3.7698930961071547e-02, 4.1191872931314905e-02,
       1.7340932742825350e-03, 2.2490344083684090e-02,
       3.4711252296461569e-02, -7.2372883775983186e-04,
       -1.1099947872593004e-02, -4.0411464289944618e-02,
       -2.9444676502390150e-02, -1.7674356727052719e-02,
       9.2096658805393208e-03, -1.0486682685251955e-02,
       -1.5070800566947934e-03, 2.9870816400300428e-03,
       -2.2409202605153427e-02, -1.0796953797187248e-02,
       2.6780809099041111e-02, 3.2645436426225645e-02,
       4.1012546435703311e-02, -3.3265870288583910e-02,
       4.0587783247122276e-02, 1.0330572414893324e-03,
       -2.7185930531707859e-02, 1.8584236928857717e-02,
       7.2587679630329305e-03, -1.3022733758715446e-02,
       -3.6484254161060471e-02, -4.2634016244601312e-04,
       -4.9084211044848600e-02, 3.5566326235132589e-02,
       3.4964057591570410e-02, 1.3758095621403075e-02,
       -8.1825309543297545e-04, -1.5646147714809211e-02,
       -3.4223971932497377e-02, 3.2393596935968105e-02,
       2.3886325406342966e-02, 3.3333536855496559e-02,
       3.1569928412063051e-03, 2.5521119183253768e-02,
       9.0776766848247800e-04, -3.9355008533160533e-02,
       -4.1532554610566701e-03, -2.7041179001513049e-02,
       -1.7705981305049606e-02, -1.5896051423500354e-02,
       -6.7185441093265252e-03, -3.6378421145250008e-02,
       -4.2315209912795637e-02, -2.7978199682750983e-02,
       3.8176941606963867e-02, 3.1923141546657277e-02,
       2.7500923370831890e-02, 1.9578718958927016e-02,
       -5.0113987574139332e-02, 7.0302251876850907e-03,
       1.1574979999589062e-02, 1.2759271615221814e-02,
       -2.5435525266581844e-02, 1.8700850097070419e-02,
       -2.0698207104206768e-02, 2.5863746971960339e-02,
       2.3048697542027374e-02, 7.5696394066180131e-04,
       -5.0448788198764291e-02, 1.7390863039045409e-02,
       1.1318882846571504e-02, 1.8051810398963697e-02,
       2.5971252249955494e-02, -2.2977376785693285e-02,
       9.7072189441623127e-03, 1.9083633918093663e-02,
       1.6571406165269802e-02, 2.4710176460568986e-02,
       -3.9196885240947603e-02, -2.3351365893244328e-02,
       3.0331703029128999e-02, 2.2751612438579066e-02,
       -3.6910516037558672e-03, 1.8193259075780968e-02,
       -1.2570693651369837e-02, -2.8780324698527912e-03,
       2.4040858528147892e-02, 1.9949346796993402e-02,
       1.1387946299040433e-02, 1.1550194818856562e-02,
       3.0644671782130359e-02, 3.0201988253674761e-02,
       -1.6965776948399791e-02, -9.4447700772839847e-03,
       8.2545121776570907e-03, -7.8768335611003933e-03,
       -2.2626911121615502e-02, -2.2997223624840454e-02,
       -5.1451901297840295e-02, -7.6967783414500961e-03,
       -9.2455160696345625e-03, -7.0877616905732979e-03,
       -1.4902567585300484e-02, 1.3582922227194658e-02,
       -1.6012735246921254e-02, 9.0029044446304617e-03,
       -3.8598189913125608e-03, -2.3780672252385164e-04,
       1.1772027509500878e-02, 5.1027353176637119e-03,
       1.5142988611640127e-02, 7.1236013812503024e-03,
       5.3784783441063345e-03, 4.2021998993753557e-02,
       1.8725821418042188e-02, 1.5348269703096750e-02,
       1.3614960532161199e-02, 2.1389619480874870e-02,
       7.7323274553578614e-03, 2.7410778776422007e-02,
       3.9489169669331345e-03, -4.4882737244523749e-03,
       1.6051479567389115e-03, -7.3226273575090813e-03,
       2.9751909198334724e-03, 2.9038912056199184e-02,
       2.2408393674504527e-02, 1.5524765168217635e-02,
       2.5398032101435975e-02, 3.2667977959890092e-03,
       7.3151483170521246e-04, -2.0884487364480297e-02,
       -1.3403448837549511e-02, -1.5328504390525962e-02,
       -4.9806159044778191e-02, -3.5884517532220640e-02,
       -1.7503648985452782e-02, -1.7106135990683821e-02,
       -1.4374216336629504e-02, 1.7194472241617936e-02,
       -1.5320149121707762e-02, -2.0991481669299504e-02,
       -8.5524675721357808e-03, -1.3564606103905525e-02,
       -1.2092550370398450e-02, -4.2393842638298405e-03,
       1.1367733810197322e-02, -1.5878225144100509e-02,
       2.6926501331242178e-04, 2.1650311359923381e-02,
       -6.4000781378348148e-03, 6.4243418328857726e-03,
       1.4417028227086619e-02, -6.2650577149261383e-03,
       -1.6270306696448245e-02, 7.8763383440421664e-03,
       -1.8698448922818908e-02, -1.6643056964010042e-03,
       2.1686407345509785e-02, -8.4528835333467899e-03,
       -1.3931989586120594e-02, -4.0149774148070163e-03,
       5.5354534241834584e-03, 1.5263644997036408e-02,
       1.4573482578171950e-02, 1.9816392639629046e-02,
       3.9981521665997020e-02, 2.4382755324710612e-02,
       8.0392308654825776e-03, 1.5632045744724914e-02,
       -1.5981863974821910e-02, 1.3607739845597959e-02,
       6.6688500616734585e-03, 1.1235897788187864e-02,
       -5.3361935121636079e-03, 1.4584237073286188e-02,
       -1.1515116836737616e-02, 2.7845827233978854e-02,
       2.2268111324317694e-02, 2.5045728376690023e-02,
       9.3827834055019328e-03, -6.1219673368071966e-03,
       7.0082307473286493e-03, 4.6735504233331795e-03,
       2.4659276400386745e-04, 3.5578136985640302e-02,
       4.2555610638562377e-03, 1.6460266488408110e-03,
       9.4747902578168307e-03, 1.8564299402916234e-02,
       -1.0650336021807769e-02, 3.9312379391406339e-03,
       -1.4835538653420180e-02, -1.3939875006362937e-02,
       -2.0044654823549994e-02, -1.1648520870711849e-02,
       -2.4375463566886548e-03, 1.2128659553579705e-02,
       2.2556870207270076e-02, 1.2776646498779553e-02,
       4.9265564251614408e-02, 3.7092332143643138e-02,
       3.2250153673155035e-02, 1.6373505297656559e-03,
       1.1325782818425894e-02, 1.8422600493470491e-02,
       1.4813042058742173e-02, 2.5187970066922354e-02,
       3.4434848300951039e-04, -1.7021779573490291e-03,
       9.1233189044821559e-03, 2.9798722789260650e-02,
       -5.8805616074634730e-03, -1.2699132433162228e-02,
       9.4221583357175093e-03, 9.3782607966358730e-03,
       9.9957236626869866e-03, -3.7533487209877653e-03,
       1.0254809497960737e-02, -2.2608905366163209e-02,
       -2.4908784976644619e-03, 1.5996878479267285e-02,
       -1.0610465020359028e-02, -1.1171525770414484e-02,
       5.0393446890617585e-03, -9.6449917865285093e-03,
       -1.7260567343034772e-02, -9.2920581147381970e-03,
       -3.4473571874262851e-02, -1.9759711430494199e-02,
       -2.2121659465570716e-02, -2.4433243836166574e-02,
       -1.9701013838157262e-02, -1.0545047027051967e-02,
       -7.0214699952731805e-03, 1.6156949037051505e-02 ]
