%YAML:1.0
bias: 1.4298984563981469e+00
beta1: 2.4234538901602527e+01
beta2: 2.9349168521106265e+01
width: 6
height: 6
orientation: 31
data: !!opencv-matrix
   rows: 1116
   cols: 1
   dt: d
   data: [ 3.6817700422279873e-02, 4.2029741865219655e-02,
       4.4233559739937381e-02, 3.1818569127320395e-02,
       5.4397858834201736e-02, 1.0608425042627882e-02,
       -2.1711283850362514e-02, -2.7912889609959662e-02,
       -3.1898451279800295e-02, -4.2411671578980077e-02,
       -3.5671315305163237e-02, -3.9094897994577119e-02,
       -3.1064598623394144e-02, 4.2216322166690232e-02,
       2.6813025583636175e-02, 2.3723602694939009e-02,
       -1.5658428730637514e-02, -3.5543892574058711e-02,
       2.0766874319661364e-02, 3.5183964691413619e-02,
       -2.4204687308285705e-02, 3.4561652392892377e-02,
       4.2842592175016014e-02, -3.2700973288427339e-02,
       -7.3658077262482805e-03, -2.5633873199274890e-02,
       -2.4678228595482396e-02, -1.6511266618086211e-02,
       -6.2937752494046538e-03, -2.5557392473222012e-02,
       -1.3296448888046977e-02, -2.0617102088734865e-02,
       1.5779462900828152e-03, 1.8691266323739873e-02,
       5.2735504563126576e-02, 5.5815869828305810e-02,
       6.9579556437425194e-03, 9.7550072081559053e-03,
       2.5195363135657404e-02, 4.4016520000203702e-02,
       4.6760240761318718e-02, 4.2379871455610542e-02,
       -9.7438326263174103e-03, -6.9272032466220698e-03,
       -1.7129177967070724e-02, -3.4279848285819307e-02,
       -7.0842395370945338e-03, -9.3264400814512035e-03,
       2.6745636632778489e-03, 5.8174746237415913e-02,
       6.1663906841637993e-02, 1.3910939737648733e-02,
       1.4655510662478562e-02, -1.0203178568725397e-02,
       -4.9368831575962975e-03, -1.5905023979821898e-02,
       -2.0327186200194386e-02, 4.4342193221106073e-02,
       -5.7075472474556067e-03, -3.1585006628396139e-02,
       -2.6497944334598560e-02, 1.2075088535610940e-02,
       1.3184412039723972e-03, 7.8851041228515731e-03,
       -2.3403288309859115e-02, -2.2000805342376650e-02,
       1.3609600653356050e-03, 4.8552735864335192e-03,
       3.5723381992197961e-02, 5.0828367705356224e-02,
       2.0142580350642682e-02, 6.2817829277361056e-02,
       1.8746441538811654e-02, -4.2956623788157622e-03,
       -2.3908337387265961e-03, 1.7140578358316141e-02,
       -1.1404611263259680e-02, -1.6250303435985988e-02,
       -8.8120301788102238e-03, -9.3541189289626115e-03,
       -1.7980900912928012e-02, -1.6070873404933596e-02,
       -1.4862923643453107e-02, -1.7306610802534799e-02,
       -1.7803233765427889e-02, -2.1466860627428877e-02,
       -1.1622383498181094e-02, -6.0892497370336075e-03,
       -1.2679934928326711e-02, -1.9761950861480429e-02,
       -8.3366661615504531e-03, -1.9707455713223444e-02,
       -2.0532269611270408e-02, 3.9638330471524780e-03,
       -1.8176002609380085e-02, -2.0910850357714866e-02,
       3.5527186858785777e-03, 1.6301258412120400e-03,
       -1.6007308426213271e-02, 4.9062297459001366e-03,
       -2.8478745805157014e-02, -1.0975620656007150e-02,
       1.5827654249460789e-02, 8.7025672655605970e-04,
       1.3491041480642533e-02, 6.1956107250481111e-02,
       9.3554071290796129e-04, 7.5895556006883580e-02,
       1.1929267467736655e-02, -2.0833469257322487e-02,
       -4.7298696028816980e-03, -2.7052089671728784e-03,
       -2.3397121655282484e-02, 3.0904573795136831e-03,
       4.0050663497316983e-03, -6.3001702832850195e-03,
       -1.0401499742824900e-02, -8.9475630488308824e-03,
       -1.7796404079215782e-02, -7.7945069287830623e-03,
       -9.8187155642904967e-03, 5.7770740028343908e-03,
       4.7688925759000432e-03, -4.3503052683240874e-03,
       -7.4548506599466380e-03, -1.6901905924297307e-02,
       -1.6682308089764848e-02, 7.4462204009060253e-03,
       6.7604007171464123e-03, 9.6938838103293040e-03,
       -1.9308609297511603e-02, -6.2825117655740340e-03,
       -1.8318761458161782e-02, 2.5730540891180348e-02,
       1.1894325465182584e-03, -1.3773135427323282e-02,
       -2.2430765202153497e-02, -3.7103692463468256e-03,
       -9.6842064990275926e-03, 1.5662381135945116e-02,
       -1.5282363788963757e-02, -9.6311298737747370e-03,
       -1.0344190921722307e-02, -9.4589986852511854e-03,
       -1.2264116331261211e-02, -1.8363700592971509e-02,
       -4.3616728358329138e-03, -1.9626508704036438e-02,
       3.7182695331428088e-02, 1.4138804071612754e-03,
       -2.1617666066098412e-03, -6.9396215377028631e-03,
       -5.4583242926982689e-03, 8.6270205328862933e-03,
       9.6844936059520895e-03, 1.6899608858357710e-03,
       -1.2488675766441214e-02, -1.2021817723135507e-02,
       -1.2009558312294265e-02, -4.6413448242989177e-03,
       -1.4100483474329632e-02, -1.6682432890575673e-02,
       -1.5978307995498486e-02, 1.8584025422932235e-02,
       5.8111531857043749e-02, 8.1692954436151984e-03,
       -2.0466887777798912e-02, -1.0532740320042843e-02,
       -1.4638679507587937e-02, 5.9570290337150347e-02,
       6.6629146067275408e-02, -2.9210410453973791e-03,
       -3.5126519976177641e-02, -1.3643148425349508e-02,
       -8.3239993987941525e-03, 1.1218937985416127e-03,
       -1.9638407540209877e-02, -2.0773599271088267e-02,
       -2.8051078379546485e-02, -1.8326678336159526e-02,
       -3.2858198931781449e-03, -3.1957027362242377e-03,
       1.8927365590351401e-02, 1.6420391131268232e-02,
       1.8213733938110668e-02, -8.8691201989161850e-03,
       1.4148658920525732e-02, 2.3952309662842262e-03,
       1.7468078376379616e-02, 1.7008708608543352e-02,
       7.1267450694393025e-02, -2.7474145519164580e-03,
       -1.2068825230085302e-02, -1.2886153222354500e-02,
       -4.0238820536045153e-03, 1.0691621127113148e-02,
       3.4909158677623696e-02, -2.3983752052326869e-02,
       -1.6495612753628514e-02, -1.4134385445010922e-03,
       3.0856755016340123e-02, 1.1173076439906393e-02,
       -2.1850389647817818e-02, -1.4557611851068807e-02,
       8.0456219372525128e-03, 1.7084541553409886e-02,
       1.2136527638271905e-02, 4.2590026095612951e-02,
       -3.0665570194913856e-02, -1.5988269495323101e-02,
       -1.8878167479750210e-03, -3.6309580804656707e-03,
       -1.7145196986664911e-02, -1.7108349331043805e-02,
       -3.4235155530583823e-03, -1.6192607229185866e-02,
       -2.1026287860785711e-02, -2.2710782141262455e-03,
       4.0694708799598701e-03, 2.0547820436829373e-02,
       -1.7887031427319663e-02, 2.2619466975666018e-02,
       1.7416337124193024e-02, -7.9831105009735524e-03,
       -3.3267815836820289e-03, 7.5351100733591411e-03,
       -1.4795195808251341e-02, 2.7032936971985964e-03,
       2.1034480397587041e-03, -9.3630548929438569e-03,
       -1.1162780416478885e-02, -1.0072744098367456e-02,
       2.8478442641781378e-02, -1.3980188963114728e-02,
       -7.9567972981213105e-03, 6.1567007007028007e-03,
       3.2912658972626858e-05, -2.0891439105254095e-02,
       -2.0960310246595382e-03, 3.0691266059369841e-02,
       -7.0317979067477838e-03, 1.3344810231509290e-02,
       -1.6428093993635921e-02, 4.6691127828300899e-02,
       3.7404050495645609e-02, -6.6419350646946731e-03,
       -1.0964184505100897e-02, 3.8324639728228912e-03,
       -1.9344356643792564e-03, 1.6105622617074242e-02,
       2.7673284475178403e-02, -3.5975506914755276e-02,
       -4.7606221532835551e-03, 1.0644457381872524e-02,
       -1.0322425847016968e-02, 1.0314363937756279e-02,
       -2.9924946151325880e-02, 1.5834590417079460e-02,
       -7.6096678278902959e-03, -1.8473156304719709e-02,
       7.6289589068091086e-03, -1.0197604619258165e-02,
       -2.1814963750450660e-02, 6.6593257038363544e-03,
       3.6108470236819810e-02, -1.4930287369635772e-02,
       5.1581943144335847e-02, -1.5522321510586641e-02,
       1.6299781767171718e-02, 5.1508374035013203e-02,
       5.5893215877128675e-03, -1.9460953314198268e-02,
       -3.2042434147313538e-02, -2.2918893743216262e-02,
       -9.4632158696643775e-03, 5.6509873531572545e-02,
       5.1135162471663387e-02, 4.0896050624068606e-03,
       -3.3519681019644650e-02, 2.2019486198576112e-02,
       1.1169046911182048e-02, -2.5939743822086220e-02,
       2.4145282736478875e-02, 3.9881633828022364e-03,
       -3.1631968678811403e-03, 1.5671777030242494e-02,
       1.9231078110768058e-03, -2.5339367034013880e-02,
       -2.8598079189751553e-03, 4.2806292061845420e-02,
       8.7007401644770884e-03, 1.0358421587484656e-02,
       7.8744494385931171e-03, 2.6660834694257368e-02,
       -6.0823612400538411e-03, -3.3034916786047440e-02,
       9.1122181004264606e-03, -4.8795004124318970e-03,
       -1.4554728639332101e-02, -1.6008430492190785e-02,
       2.9446961453887706e-02, -2.0886100118218384e-02,
       -1.0700424201940343e-02, -1.7813881027612988e-02,
       3.6712018003615371e-02, 5.2447598099404767e-02,
       -1.3535421994953604e-03, 8.5547614584631868e-03,
       -1.9473592996521481e-02, 1.7378813579371703e-02,
       5.1740759780150462e-02, 5.7747378444115434e-02,
       1.5389889281815960e-02, -8.1378395331017095e-03,
       -3.2971949778566614e-02, 1.4080909702356641e-02,
       -2.0180021718062047e-02, -2.3587478850274592e-02,
       4.2820555751892767e-02, 2.2015529011184309e-02,
       -1.3842938673658187e-02, 1.6404564912652561e-02,
       -2.1096419434572446e-02, -2.8298011580666594e-03,
       -1.7999488922402523e-02, -2.4492390832587377e-02,
       2.8070200187602000e-02, 3.5821006833480166e-03,
       4.2289627750017759e-02, 4.4573415911983418e-02,
       -1.5447013732808049e-02, 5.0380118007660783e-02,
       5.3548453405196678e-02, -5.2682060741185100e-03,
       1.1492060315657216e-02, -2.0153044114750916e-02,
       2.5485475995971774e-02, 4.4023032727985363e-02,
       2.9639217294248052e-02, 2.1332662462209120e-02,
       1.6440969930616459e-02, -2.7685859491372759e-02,
       2.9330451154422157e-03, 7.1745057605638513e-02,
       -2.2456531319943625e-02, 1.2842634855567943e-03,
       1.4650464331705569e-02, -3.9372714131667756e-02,
       1.0843224801015123e-02, 2.2320330141793027e-03,
       -3.6023594237635931e-03, 5.6181190333367777e-02,
       -1.4655382588849268e-02, -7.9593901090699339e-03,
       2.2575010595224633e-02, 5.6088371886397030e-02,
       4.9146784849914294e-03, 2.0958940850990045e-02,
       -1.3838683093073796e-02, 4.9195756218763662e-03,
       1.7235287472416736e-02, 1.5031615655764450e-02,
       -1.1091576081472345e-02, -1.3256601044260043e-02,
       -1.6756425649059929e-02, 7.3242073342933136e-03,
       -1.4502662757706624e-02, 5.0112329915788595e-02,
       -1.4773285232121272e-02, 3.4393147054428849e-02,
       1.5052565449306396e-02, 2.8364293672319043e-03,
       1.0105504988535203e-02, 3.3381805887213907e-02,
       -4.0969135205633250e-02, 6.0381369059909554e-02,
       8.4031855422173982e-03, -1.3417640178889198e-02,
       2.4459137941781232e-02, -3.9017628337280246e-03,
       -3.2275340617769085e-02, 4.8325769894748780e-02,
       2.5253647468470152e-03, -1.3467911671359915e-02,
       7.1211661722280079e-02, -1.4697232296513905e-02,
       -1.4061683900014024e-02, 2.0519526790831917e-02,
       -2.6469360850305441e-03, 1.9832964914502128e-03,
       1.4910081225983510e-02, -3.3388898662116070e-02,
       -2.1601278413936276e-02, 9.5541497110264483e-04,
       -9.8698505419348385e-03, -7.1512833300284963e-03,
       -3.1735366602097968e-03, -6.8266390309766585e-03,
       5.3374397883458897e-03, -1.2342225006419270e-02,
       -2.7176277876103183e-03, -1.1593743280110549e-02,
       4.1334658896171874e-03, 1.1080041022955485e-02,
       -9.0899960065973229e-03, 8.5073390409970244e-03,
       1.5992896198875051e-02, 9.0821251529549403e-03,
       -2.6548921438436651e-03, 2.7480669670934401e-02,
       -1.7452581784900206e-02, 2.6634829871775394e-02,
       -1.0154142610615240e-03, -1.5411799748255746e-02,
       -1.6802620821075018e-02, -2.7049129693389910e-02,
       -2.3633373112518112e-02, -2.2468770141164378e-02,
       -2.0619378683487538e-02, -1.5649222550867401e-02,
       -5.3693311374245576e-03, -6.2425234149121956e-03,
       7.4945181503583619e-02, -1.7410951346598688e-02,
       -1.2984036244010250e-02, -1.4430147016501523e-02,
       -5.5745129662294075e-03, 1.0810695437802071e-02,
       5.0506668867469309e-02, -2.3612760639177558e-02,
       -1.1537342929858137e-02, -2.1549516480485136e-02,
       -1.2638624567410831e-02, 6.4447765048191961e-03,
       3.2007438978949023e-03, -8.0039760699166032e-03,
       -2.5099822258729323e-03, 1.4956333088080599e-02,
       1.0315709941436683e-03, -1.5923010391628592e-02,
       -8.6825536401328868e-03, -1.6844995252316322e-02,
       1.5494140095824947e-02, 4.2279651231969140e-02,
       7.7064180775861116e-03, 1.0451685021508613e-02,
       -1.6536148888465642e-02, -1.4208660742828484e-02,
       -1.0777947167980782e-02, -1.0120326184296077e-02,
       -5.8679166250242398e-03, 2.3576950324219869e-02,
       4.4958605277210122e-02, -9.9601432267154219e-03,
       -1.7281929377807027e-02, 1.0100620691972723e-02,
       -3.5301517995257733e-03, -5.3482197849466194e-03,
       3.5844247430626801e-02, -9.3253248813256837e-03,
       -6.4023885018535225e-04, 3.4221142816482246e-02,
       -2.0894190402775898e-03, 2.8274457091825812e-03,
       4.5585603444423195e-02, -2.3214678598237427e-02,
       -1.5409482933499728e-02, -2.9454480448334111e-03,
       -6.3649400341443674e-03, -8.1368331695481425e-03,
       -1.5377292348547863e-02, -1.4166263273697570e-02,
       1.5173922414763751e-02, 4.0622812501844040e-02,
       2.8048975563030119e-02, -1.2669816159504781e-02,
       1.4720808652342730e-02, -1.5059697199780557e-03,
       3.5165475769438639e-02, 4.3363531433665919e-02,
       3.9555689082004693e-02, 6.5588158185783760e-03,
       -5.2135789247861105e-03, 1.0066858722551805e-02,
       1.3934950488977095e-03, -1.3550007521637807e-02,
       -2.3695429979155566e-02, -3.6642212972782741e-03,
       2.2331697724261759e-02, -1.1621511724229927e-02,
       -1.6274048679755460e-02, 3.5402160828965079e-05,
       -9.2753710095729251e-03, -1.3384352850538659e-02,
       -1.5826012101129779e-02, -2.9750124367484636e-02,
       4.3900984226539215e-02, 2.6074601593880045e-02,
       -9.5056755963155871e-03, -9.4746855150285771e-03,
       -1.7639982473922025e-02, -2.4374529695014843e-02,
       2.2732697060937834e-02, -2.1342750750674580e-03,
       5.8042620881725723e-02, -9.1919827843041473e-03,
       -1.4973853653524126e-02, -1.2629051435491036e-02,
       6.9399183458035921e-03, -6.7804444195530972e-03,
       2.2609589156080932e-02, -4.3789547154626258e-03,
       -8.4085344368469393e-03, 1.0174923911774169e-03,
       -7.6813721267719693e-03, -7.5840963429360773e-03,
       9.3879856923944488e-03, -9.8985260588044851e-03,
       -6.3517271320509723e-04, 2.0679573080346677e-02,
       -2.4293432409086272e-02, -1.3192141611106904e-02,
       -1.9912961946604846e-02, -4.0762193098439438e-03,
       8.6929025198052567e-02, 1.5328177644089429e-02,
       -1.8587518644561662e-02, 1.4765281122437853e-02,
       -9.3164034304106663e-03, 2.3809169818906507e-02,
       8.1922214629832901e-02, 9.9218530487964647e-03,
       4.2771920173171316e-02, 2.6851981840351168e-04,
       -1.1382002446459254e-02, 1.5004197482598104e-02,
       -3.6024547074949035e-03, -2.5584203020217224e-02,
       1.9634003900725547e-02, 6.6144454365146474e-03,
       1.3684311615904426e-02, -7.9747359538733693e-03,
       -2.6876450607188573e-02, -1.7301628777810548e-02,
       3.4811914418261106e-02, 2.0149787770909720e-02,
       -4.9482516821286460e-03, 7.5649426865372904e-03,
       -7.2837532292548829e-03, -2.0698172385849586e-02,
       -2.0766244517704122e-02, -1.4700741619667512e-02,
       2.4089424995657409e-02, 1.0638955199640088e-02,
       -1.8831389710832688e-03, 2.2884107863146968e-02,
       -1.9912706248231576e-02, 1.7489376899053638e-02,
       -1.1957484553911581e-02, 5.2803181098484090e-03,
       -9.8373246674183668e-03, -1.3220736245195524e-04,
       -1.2797723542704299e-02, -1.4736722966624979e-02,
       6.1793902495548090e-03, 4.8491328435729467e-02,
       -1.5838323015432237e-02, -1.5537204809325144e-02,
       2.5666515337618497e-02, -1.9949116470827088e-02,
       -9.1638771299814310e-03, -1.0994196088014874e-02,
       1.5912682240764912e-02, -1.8226441645105725e-02,
       2.8862772829520073e-02, 1.4222123991676000e-03,
       5.4220908396791188e-02, -3.4913501842797678e-02,
       -1.5931117328250876e-02, 1.5854038060411430e-02,
       3.9391119663851552e-02, 2.2249005033571023e-02,
       -2.9896192011539768e-02, -1.3729007275559573e-02,
       -1.8636685901019821e-02, -3.1000303323474778e-02,
       -2.2480365131456473e-02, -4.0416830825615018e-03,
       -5.3001964271475032e-03, 2.9126884894578792e-02,
       6.3286143527040871e-03, -1.4423137662752121e-02,
       3.3321099642650363e-02, 7.2624570790459170e-02,
       3.4397706513248118e-02, -4.8586367004112164e-03,
       -4.1505016452737980e-03, 5.9619451994859882e-03,
       7.0790941994373413e-02, 6.9168676776761098e-02,
       1.5676969307209864e-02, 2.8092297369796820e-02,
       4.9058546529835790e-03, 2.8401982011475296e-04,
       -6.5229085579321311e-03, -2.8374822310019039e-02,
       1.7444991244012907e-02, -3.1002676085762206e-02,
       4.1081478904174060e-02, 1.9001673302584142e-02,
       1.8968787702758359e-02, -1.3197443792178430e-02,
       2.9490781959063520e-02, 4.8415839816586502e-02,
       3.9881885268469849e-02, 3.6474856177079961e-03,
       2.8115405692443196e-02, 3.9103669925826728e-02,
       -1.4208599763486695e-02, 9.0958736376197079e-03,
       -1.8560405136157310e-02, -3.3138957063440361e-02,
       -2.3620443938488549e-02, -1.0089317269799034e-02,
       1.0821331655712604e-02, 3.0382927807919329e-02,
       -8.9376765323412235e-04, -2.0040743231074853e-02,
       4.7517193574164861e-02, 5.3286983467555803e-02,
       5.9659202370932800e-02, 6.7584323719487263e-02,
       -3.3535563541993337e-02, -2.8502176630463828e-02,
       5.7453716528994413e-02, 7.1156584080901419e-02,
       -1.4057029814887271e-02, -1.2585581733702909e-02,
       -1.6636413312527010e-02, 1.3199888832233287e-02,
       -1.0724729213266383e-02, -3.6433703380003443e-02,
       -1.6132150630336982e-02, -2.0838019150972636e-02,
       1.2713294145400466e-02, 5.7394830058545260e-02,
       4.3999762038683971e-02, 3.4294371190091093e-02,
       1.2933602271198656e-02, 1.4307916314824398e-02,
       1.9838884347668326e-02, 2.2867903362081332e-02,
       2.0041328181467755e-02, 2.2240535944283678e-02,
       -2.6923447212721493e-02, 2.0185450143149278e-02,
       2.5350341108232317e-02, -3.7741265432567644e-02,
       -1.8903089570169757e-02, -5.1459118512052371e-02,
       7.9461678719960956e-03, 1.2525046581384605e-02,
       1.6652647257845845e-02, 1.3507780356819307e-02,
       1.4451146545597527e-03, -5.2986268331850092e-02,
       1.8598377725407608e-02, 2.6263698017150682e-02,
       -3.4517877706724272e-02, 2.3716969994426150e-02,
       2.5992636853798157e-02, -4.9784974764172520e-02,
       9.3778499435541798e-03, -2.0785174060108637e-02,
       -2.5000602007194193e-02, 2.8805064018552012e-02,
       -1.8287746424983875e-02, -3.1567877958579876e-02,
       1.7453209960052993e-02, 2.2632946283479016e-02,
       8.1100114557654153e-03, 1.9289281555906122e-02,
       1.9340968847571326e-02, 2.2926956449247117e-02,
       1.6248676242688068e-02, 2.3822037393030588e-02,
       2.0484696357294673e-02, 2.5175451388558756e-02,
       2.7264211255281827e-02, 2.8405820080788909e-02,
       -2.4212623591314035e-02, 3.6943783222217766e-02,
       -2.7684986308437080e-02, 4.7891952796538691e-03,
       8.5096521433276028e-03, -3.6997190163137964e-03,
       1.2030641591399532e-02, 3.2248134543054550e-02,
       1.7004778801831225e-02, 3.3938795922855446e-02,
       1.8937660734681373e-02, -2.5104465839328134e-02,
       2.1363882167451824e-02, -1.7011715075121312e-02,
       -4.9886239060890909e-02, 3.0285063320447000e-02,
       -4.8930411446871571e-03, -4.7464094098929099e-02,
       3.3579848602851535e-02, 8.3154140330683659e-04,
       -6.8790225359694965e-03, 3.1119339499148475e-02,
       -2.7010870278498522e-02, -1.8232843736352623e-02,
       1.7939393540716414e-02, -2.4901082685153293e-02,
       1.3260751475883747e-02, 2.4895583951761321e-02,
       1.5045027577336069e-02, 2.7011002447845982e-02,
       1.4101247501329219e-02, -9.7900226103313451e-03,
       5.6548052640425584e-03, 1.1891475636655928e-02,
       -1.1236734428351080e-02, -2.8622729178509596e-02,
       -6.3519542177221527e-03, -2.1890406848238796e-06,
       -2.8801221867937786e-02, -8.3478688497218567e-03,
       1.8161925968985578e-03, -9.4790467744074406e-03,
       -2.0942647880760990e-02, 4.3925529747973749e-03,
       -3.0106355430259749e-02, 1.7891678448345074e-02,
       -1.6662738631158403e-02, -3.8423160903049869e-02,
       -2.2947479373657598e-02, -4.7793594136668734e-02,
       -4.4041118878195222e-02, -2.0948664721608602e-02,
       -4.2099604080964408e-02, -3.9384368534330853e-02,
       -1.3289497786328724e-03, 2.1596856905914397e-04,
       3.4015100363251019e-02, -1.1144607899036575e-02,
       -4.3286485733958012e-02, -2.2322087086245182e-02,
       1.3656576642306297e-02, 1.3383666294124063e-02,
       3.5073973015834210e-02, 3.2694689443517555e-02,
       -1.0176577482559224e-02, 4.0479075661607189e-02,
       -1.0527508386171114e-03, -1.5191875403554100e-02,
       -2.0869927317156592e-03, -8.8370562137777744e-03,
       -2.7248212784730608e-02, 1.5984914519324732e-02,
       2.0494826869621357e-03, -2.5248475113265424e-02,
       -2.0063090898959173e-02, -2.7545827301374854e-02,
       -1.6038551276263569e-03, 2.7073419136050540e-02,
       -2.2150087699641741e-03, 1.3176860397947819e-02,
       -1.3126950329658715e-02, -2.0594272771830419e-02,
       -2.0802506641781116e-02, -2.9943824365855670e-02,
       -2.4905331400577633e-02, 3.0594210843866064e-02,
       4.3486654021923817e-02, -2.1114936409311266e-03,
       -3.9508719822063873e-02, 1.3183755850033063e-03,
       -2.4879833525456634e-02, 1.9739644298559490e-02,
       3.5444038822290511e-02, -2.3118695352564302e-02,
       -2.4549024297919171e-02, 3.0159985405658764e-02,
       -1.3542457875096801e-02, 1.9845293676212211e-02,
       2.8134971527790192e-02, -3.4801831191496310e-02,
       -2.7212196296345727e-02, -1.4003991071749634e-02,
       -1.8571029457177785e-02, -2.9791548085738272e-02,
       -2.2994289350113613e-02, -3.4992547305792189e-02,
       5.0691792339463221e-02, 4.0682200993582572e-02,
       2.3712337490480725e-02, -2.1531817577150277e-02,
       6.3990418781663940e-03, 6.1859905644681456e-03,
       3.1350042115087046e-02, 2.9427853351375610e-02,
       2.5632877203404444e-02, -7.9292268891115285e-03,
       -1.9007060517462416e-02, 2.8195364231970391e-03,
       -1.5447104558104330e-02, -3.2933806627165288e-02,
       -4.0318861080035046e-02, 1.5640140564032790e-02,
       5.2464860695072016e-02, -4.0564164142188538e-03,
       -3.9494560324834470e-02, -1.3415904734671441e-02,
       -2.3298478417669272e-02, 3.6418324171840474e-02,
       3.9374832024297257e-02, -3.1621535569803086e-02,
       7.2225613445865231e-03, 1.1161544586928029e-02,
       -2.0017556287435706e-02, -9.9285203211330122e-03,
       -3.6759250866345947e-02, -4.5494650709167250e-02,
       -8.2211636182513183e-03, -2.1830848654645338e-02,
       4.8470483776241281e-02, -1.5362710039955114e-02,
       2.0499972883570652e-03, 2.0939204148246664e-03,
       2.3158714163790870e-02, -1.7341228463738312e-02,
       3.3708136883566227e-02, -4.9342679696618534e-03,
       7.7303252085839753e-03, 1.5670191947593618e-02,
       4.6535643522593699e-02, -1.1363154156628851e-02,
       -5.9325606902877939e-03, -2.5981025170589492e-02,
       -5.1572688939646710e-03, 2.9527017265423793e-02,
       9.0832735759657241e-03, -3.9248335392944110e-02,
       -3.9396953099728703e-02, -6.8209612079309766e-03,
       5.4696111220949604e-02, 2.5154546954232585e-02,
       -4.1083798084254677e-02, -1.4119411682427044e-03,
       -3.1777288525504364e-03, 3.4852208014759994e-02,
       3.7835093514053134e-02, 4.4652730121034059e-02,
       1.9910201244586249e-02, -1.5836266655600749e-02,
       -1.5795567483241353e-02, 8.9246082829311044e-03,
       -2.2870422924676666e-02, -4.2711901927082595e-02,
       1.3433361841170475e-02, -1.0539809170279033e-02,
       -9.2760941816551219e-03, -1.2883256899984439e-02,
       -2.2470661963002719e-02, 3.1748631534962105e-03,
       1.7751563645670262e-02, 3.9495582251696353e-02,
       1.0385902518294883e-02, -1.9923914062077303e-03,
       -1.1658088001657671e-02, -1.5101053123606281e-02,
       -3.7107765796408787e-02, -1.1248530044407498e-02,
       2.5702543836587290e-02, -9.3642196978049961e-04,
       -1.3017042209615096e-02, 1.2102792145818383e-02,
       7.8421134513930839e-03, 8.8926342197622361e-03,
       -1.8394337333104454e-02, 1.0163915297454706e-02,
       -1.0975291601010165e-02, -1.9958359821447263e-02,
       -1.5071490534400116e-02, 1.8686789310029064e-02,
       -6.0727952700462794e-04, 3.8974673412972172e-02,
       -2.8153327776091919e-02, 3.4330292636292128e-02,
       3.4048734769658195e-02, -2.4111136660125425e-02,
       -1.6837482355893437e-02, -7.6809212574461445e-03,
       1.6183566405431248e-02, -6.2242338803039296e-04,
       4.2633928084562837e-02, -3.2561464266908868e-02,
       3.7927582836947908e-02, -2.2608606225896392e-02,
       -2.4284371757290653e-02, 2.7821284574986796e-02,
       9.5725770370412057e-03, 3.1252398839983854e-02,
       -3.6595035845232604e-02, -3.1643946890262280e-02,
       -9.4872814901827366e-03, -3.8902284017021810e-02,
       -4.4988583661639443e-02, 2.5486094132147353e-03,
       3.0118194783546368e-02, 1.9505300861874773e-02,
       4.3039835590091419e-02, -3.0201923241607649e-02,
       3.4343431691205198e-02, 3.6855431958806875e-02,
       3.6116715223092573e-02, -2.1310676266547864e-02,
       -3.6868165548661999e-02, -1.5073507811587504e-02,
       3.6956767432161843e-02, 3.0154721785948968e-02,
       3.9875876113993076e-02, 2.8819713936202255e-02,
       -2.4190357241278895e-02, 2.5864365914137009e-02,
       1.0151910811545813e-02, -5.3488797022716840e-02,
       3.0410470293810690e-02, -1.6124560574084512e-02,
       2.9040659704653776e-02, 2.7444284649270977e-02,
       2.4002586362847814e-02, -3.7857885745181022e-02,
       1.7641262810767951e-02, 2.4064395297151431e-02,
       3.0301772373443676e-02, 2.0580633377848059e-02,
       2.2488261628230803e-02, 2.8887642469959562e-02,
       -1.5485646628130217e-02, -1.7150492786104241e-02,
       -4.2614765741663110e-03, -3.5449604960519909e-02,
       -3.8824058949343598e-02, -2.1580935732570108e-02,
       2.3313850345854370e-02, 1.0885328574625690e-02,
       -1.4478283056770895e-03, -2.8519605721963437e-02,
       1.3429430360805900e-02, 1.9096948277543276e-02,
       2.5280456702826790e-02, 2.1417731003084039e-02,
       -5.1187853386724366e-02, -1.4979479583943998e-03,
       1.6150782634467203e-02, 1.8922473440454248e-02,
       1.2964301581888956e-02, -1.6895625550435906e-02,
       -4.9099536654874043e-02, 2.6844552198900910e-02,
       -1.8875823789287080e-02, -5.3885729185936496e-02,
       2.1152098563383182e-02, 6.1590305019253565e-03,
       1.0447833500408597e-03, 2.2501606240084574e-02,
       1.7958778605594111e-02, 2.2082777475692251e-02,
       5.6158691210582111e-03, 7.0501969076619368e-04,
       1.6719969765012950e-02, 1.4320475830192414e-02,
       1.8276694296216471e-02, 3.6429437839910830e-02,
       -2.3662892698231956e-02, -9.2373831554299311e-03,
       -1.0760100803457479e-02, -3.3754294521248299e-02,
       -3.2835449892063107e-02, -3.3225492773707239e-02,
       -1.9990945361121705e-02, 3.2006117578922601e-04,
       -1.3577495531060748e-02, -1.5796426394905562e-02,
       -1.3627472644755213e-02, -5.5550821585129469e-03,
       -1.8980853505591973e-02, -3.5669468800357713e-04,
       -1.3219106479271063e-02, -5.6810616512774307e-03,
       2.3381221442396773e-03, 1.6834438922953665e-02,
       6.1542034634171038e-03, 5.4786114792748693e-03,
       2.7801428300455785e-03, 1.7828594038327168e-02,
       7.0468565692524583e-03, -2.0864155681961465e-02,
       1.0142550095054196e-02, 2.5771384299115175e-03,
       1.0500219884587459e-02, 1.9296919283714482e-02,
       2.1367331532701331e-02, 6.2318949639994705e-03,
       5.2250926351893566e-02, 1.1537267253257714e-02,
       1.7560310362716384e-03, 6.8149174351310286e-04,
       2.3481019264164918e-02, 6.2041275398525483e-03,
       3.0479330413628151e-03, -2.5157924933219989e-03,
       -1.2483771204018317e-02, -2.1650291396143908e-02,
       -1.9799392998858325e-02, -3.7155729734221266e-02,
       9.4577292128301318e-03, 1.0881271096591472e-02,
       -1.1956326449985632e-02, 4.4762017987170786e-03,
       2.8929762714019177e-03, -1.2763334780015720e-02,
       -1.1207338360878939e-03, 1.6494020913331586e-02,
       -7.8710544406831919e-03, 4.6770193213339388e-03,
       6.3571171560456103e-03, 8.4824748054121747e-03,
       1.2886618376455699e-02, 4.3616163351301883e-02,
       1.8362869802610773e-02, 1.5513749935429031e-02,
       -5.8833674672335934e-03, -1.8211272278172104e-02,
       1.5771271356217614e-02, 2.0410145541979324e-02,
       4.4325976429752986e-02, 2.2706575365996538e-02,
       1.6860661704885066e-02, 1.2347983435130013e-02,
       -1.4607193668076238e-02, -7.4643133118147825e-03,
       7.1983425611814424e-03, 1.4042703115537162e-02,
       2.7301230036748080e-02, 5.3523421368502966e-02,
       -2.5581588872393458e-02, -1.4392294795727550e-02,
       -7.2739579970456658e-03, -1.0071653369054575e-02,
       1.0141323042795672e-02, 3.1360929161652590e-02,
       1.1992592556868114e-03, 2.7415201067151028e-02,
       1.7525345720018355e-02, 1.1789763793767850e-02,
       1.6279217474481709e-02, 7.6480515462762026e-03,
       -1.2626604503706118e-02, 1.2853008003328999e-02,
       3.6809389565429246e-03, -3.8452680638052508e-03,
       -4.3923671939868278e-03, 1.0835773445150597e-02,
       -1.2077721005010280e-02, -9.1039913015788006e-03,
       6.5642349187044167e-04, 9.9978897691309181e-04,
       -2.3653858366885237e-02, -2.8444897497314131e-02,
       -1.3399458755351796e-02, -2.8516630837846467e-02,
       -1.7864319073460436e-02, -7.8374411878829979e-04,
       8.0587098376638227e-03, 2.5081989901612565e-03,
       1.8641605586138085e-02, -3.2725329948633383e-03,
       -6.7602690580354395e-03, -9.1372863214221195e-03,
       2.2918106751958836e-02, 1.5402022511621162e-02,
       1.0762127290714327e-02, -4.2296225866810229e-03,
       -1.6900443611728905e-02, -1.9184055859158729e-02,
       1.4955465295337695e-02, 5.2344203549886600e-03,
       4.4617141523997143e-02, 3.9316086907194077e-02,
       1.5670878647160442e-02, 3.3332054163250135e-02,
       4.1972010647816069e-02, 3.8272144595246273e-03,
       1.6884567500643988e-02, 2.4106747487828775e-02,
       6.1303368286793232e-03, 2.9479621457328235e-02,
       7.9233940871530802e-03, 1.0597872696039524e-03,
       9.6277651762371151e-03, 1.5955782604127090e-02,
       5.4863795053787592e-03, 1.3557685030790450e-02,
       -1.7710095745393693e-02, -3.8112336239128956e-02,
       -7.9692366569371811e-03, -5.9296068563630504e-03,
       -1.0326934164984498e-03, -1.6200802718844866e-03,
       -2.6355361563030807e-03, 4.9522718983720220e-03 ]
