30560 7662 112 132
30138 7684 268 88
29962 7688 716 176
29882 7792 492 224
8398 8820 132 88
9118 10116 132 88
12768 13968 112 112
14282 13982 156 132
13130 13978 716 268
11246 14068 132 88
13674 14064 492 336
11210 14100 44 312
12366 14120 244 288
12664 14148 176 200
14446 14180 132 88
14180 14164 312 312
12560 14224 112 112
14026 14244 268 88
12592 14280 224 176
13360 14270 336 244
14484 14282 88 156
13518 14304 132 112
14042 14336 156 112
12376 14328 176 288
12868 14384 200 112
13640 14416 512 448
13528 14468 176 200
14056 14488 176 64
11400 14496 176 112
12398 14494 132 132
12618 14472 716 288
13120 14474 560 380
14282 14532 156 88
12522 14544 156 112
11434 14586 156 156
14378 14624 156 112
12942 14644 132 88
12846 14612 132 536
11358 14696 132 176
13038 14696 132 176
13434 14720 380 112
13840 14788 224 200
11540 14942 88 132
13172 14952 200 64
13344 14948 224 88
12980 14980 200 88
12436 15016 424 64
13994 15018 156 156
12200 15048 288 64
9742 15076 244 88
12030 15098 244 44
13460 15112 312 176
11476 15128 88 176
11608 15144 288 64
13696 15136 224 112
11530 15136 156 224
9994 15168 156 112
13242 15176 268 64
12112 15184 112 112
13086 15188 132 88
9600 15210 224 156
12506 15220 156 88
12912 15224 224 64
9408 15204 224 312
9674 15364 156 88
11070 15406 132 132
9328 15424 224 224
9608 15454 288 132
9476 15544 200 64
9684 15544 200 64
10848 15540 224 88
9640 15588 176 88
9924 15562 872 828
10672 15696 112 112
11226 15738 380 268
10974 15776 356 224
10078 15838 244 132
10958 15908 132 88
10650 15960 268 64
10656 16000 112 112
9824 16000 448 224
10174 16032 244 112
11536 16020 336 200
11722 16042 268 268
9844 16100 200 88
10350 16100 132 88
11694 16126 132 132
9754 16160 268 112
10392 16152 176 176
11296 16180 336 88
9544 16244 288 88
10650 16260 156 88
9156 16308 424 88
10404 16328 200 176
9082 16346 268 156
10574 16394 132 156
8848 16416 336 224
10334 16436 132 88
10446 16430 132 132
8746 16452 156 88
10010 16462 380 132
8368 16484 224 88
8676 16520 312 176
8432 16558 336 132
9450 16560 716 112
8958 16580 132 88
9140 16602 424 44
32142 23674 356 268
32184 23754 64 380
32208 23824 224 336
32392 23832 64 288
AFTER
29882 7662 796 354
8398 8820 132 88
9118 10116 132 88
12768 13968 112 112
14282 13982 156 132
11210 14068 168 344
12030 13978 2548 1330
11358 14496 232 376
11540 14942 88 132
9742 15076 244 88
11476 15128 420 232
9994 15168 156 112
9328 15204 568 472
11070 15406 132 132
10848 15540 224 88
10958 15738 648 268
11296 16020 694 290
8368 15562 2550 1134
32142 23674 356 486
