../../Data/ag/17.jpg 1257.471263 540.229453 1520.397072 724.137353 1.908066
../../Data/ag/18.jpg 1291.765934 528.735210 1531.828629 712.643109 2.313577
../../Data/ag/19.jpg 1258.590343 539.678613 1482.576760 712.375769 2.256840
../../Data/ag/194.jpg 1625.561607 409.486584 1893.606340 548.886272 1.367131
../../Data/ag/195.jpg 880.918326 456.112400 1103.466113 605.047061 1.730386
../../Data/ag/196.jpg 907.893451 461.761467 1089.472141 601.161155 1.695978
../../Data/ag/197.jpg 875.707145 459.877965 1094.633931 619.835519 1.800944
../../Data/ag/20.jpg 1205.260244 550.472185 1535.906860 723.169342 2.027523
../../Data/ag/21.jpg 1246.039706 528.735210 1486.102401 712.643109 2.872374
../../Data/ag/22.jpg 1074.566352 448.275504 1314.629047 632.183403 4.527064
../../Data/ag/23.jpg 1013.271887 453.330035 1269.256363 626.027191 2.328039
../../Data/ag/237.jpg 1055.935966 399.362174 1301.254423 572.059330 1.444484
../../Data/ag/24.jpg 947.895816 409.922807 1218.723192 608.673259 1.709223
../../Data/ag/247.jpg 1444.033613 138.045113 1613.445378 267.969925 1.237588
../../Data/ag/25.jpg 1482.576760 259.045734 1706.563177 431.742890 1.241938
../../Data/ag/26.jpg 1482.576760 259.045734 1706.563177 431.742890 1.353597
../../Data/ag/265.jpg 885.279648 895.866498 1141.264125 1068.563654 1.585728
../../Data/ag/266.jpg 911.185898 752.726824 1269.151786 1014.544850 0.988674
../../Data/ag/27.jpg 671.959251 431.742890 917.277708 582.852902 1.022558
../../Data/ag/28.jpg 1269.256363 399.362174 1493.242780 572.059330 2.811184
../../Data/ag/29.jpg 1184.584788 374.636662 1452.629521 514.036350 2.777827
../../Data/ag/297.jpg 621.279240 372.336653 816.008554 521.271314 1.749056
../../Data/ag/298.jpg 591.831338 333.424462 868.019296 546.816117 1.980196
../../Data/ag/299.jpg 597.297112 356.187885 842.615569 507.297896 2.515315
../../Data/ag/30.jpg 603.206428 385.079000 886.344140 583.829452 1.363745
../../Data/ag/300.jpg 636.877924 349.907148 875.707145 509.864701 2.362576
../../Data/ag/308.jpg 525.851619 367.815798 800.208985 551.723697 2.131383
../../Data/ag/309.jpg 590.896093 409.922807 874.033804 583.829452 2.540073
../../Data/ag/31.jpg 593.075079 383.500242 903.733453 610.759644 1.568701
../../Data/ag/310.jpg 565.299053 366.981457 821.283529 539.678613 2.262931
../../Data/ag/311.jpg 575.965072 366.981457 799.951489 539.678613 2.430586
../../Data/ag/319.jpg 591.831338 360.098419 881.171104 573.490074 2.253014
../../Data/ag/320.jpg 569.491186 327.272532 911.185898 589.090558 1.866718
../../Data/ag/321.jpg 578.679531 400.109354 894.322911 613.501009 1.852944
../../Data/ag/322.jpg 583.009404 367.815798 845.935213 551.723697 1.619809
../../Data/ag/323.jpg 617.304074 402.298529 891.661441 586.206428 2.709903
../../Data/ag/324.jpg 590.896093 385.079000 849.413134 583.829452 2.816442
../../Data/ag/325.jpg 590.896093 385.079000 849.413134 583.829452 3.235588
../../Data/ag/326.jpg 628.735631 402.298529 868.798327 586.206428 3.613496
../../Data/ag/327.jpg 639.961192 399.362174 874.613628 572.059330 3.773454
../../Data/ag/328.jpg 622.555509 426.911545 830.074012 566.311233 3.470134
../../Data/ag/329.jpg 617.304074 402.298529 891.661441 586.206428 2.862925
../../Data/ag/330.jpg 646.829141 419.888577 865.755928 579.846130 3.238160
../../Data/ag/331.jpg 639.848718 435.624026 838.720616 575.023714 2.113261
../../Data/ag/332.jpg 640.167188 413.792773 903.092998 597.700672 1.698666
../../Data/ag/333.jpg 676.916187 437.495567 880.918326 586.430229 2.397091
../../Data/ag/334.jpg 522.634973 237.458590 757.287410 410.155746 2.339237
../../Data/ag/335.jpg 1074.566352 919.539495 1337.492161 1079.000000 0.480104
../../Data/ag/336.jpg 490.636914 377.775029 735.955370 528.885041 0.586638
../../Data/ag/337.jpg 942.479868 182.962091 1132.705162 322.361779 0.615951
../../Data/ag/338.jpg 726.309781 571.407549 997.137157 770.158001 2.800232
../../Data/ag/339.jpg 714.623331 572.059330 970.607807 744.756486 3.006120
../../Data/ag/340.jpg 716.487664 579.846130 955.316886 739.803684 3.276759
../../Data/ag/341.jpg 762.525101 525.537368 1059.062640 752.796771 2.876798
../../Data/ag/342.jpg 815.412066 546.816117 1091.600024 760.207773 3.069502
../../Data/ag/343.jpg 861.723469 534.141839 1132.550845 732.892291 2.803603
../../Data/ag/344.jpg 853.281589 550.472185 1098.600045 723.169342 3.345198
../../Data/ag/345.jpg 925.956112 505.746722 1188.881921 689.654621 3.272749
../../Data/ag/346.jpg 1005.977010 517.240966 1280.334377 701.148865 2.832854
../../Data/ag/443.jpg 479.970894 410.155746 703.957311 582.852902 0.673233
../../Data/ag/444.jpg 1274.621849 470.977444 1444.033613 600.902256 1.037903
../../Data/ag/445.jpg 1274.621849 470.977444 1444.033613 600.902256 1.102794
../../Data/ag/446.jpg 1196.194358 446.803984 1409.469321 595.738645 1.728684
../../Data/ag/447.jpg 1186.921533 428.187151 1409.469321 577.121812 1.653110
../../Data/ag/62.jpg 222.547788 288.560906 426.549926 437.495567 0.985265
../../Data/ag/63.jpg 748.474130 556.363305 1090.168842 818.181331 0.989573
../../Data/ag/64.jpg 764.745307 572.726931 1106.440018 834.544957 0.939501
../../Data/ag/65.jpg 129.075630 430.375940 306.554622 560.300752 1.078175
../../Data/ag/66.jpg 129.699064 418.199065 319.924359 557.598753 1.206448
../../Data/ag/67.jpg 763.240787 521.719936 1034.068163 720.470388 2.767484
../../Data/ag/68.jpg 710.618137 509.355781 1028.128368 756.316160 2.316211
../../Data/ag/69.jpg 740.857207 509.355781 1073.486973 756.316160 2.314422
../../Data/ag/70.jpg 762.525101 511.333656 1101.425146 738.593058 4.080985
../../Data/ag/71.jpg 740.857207 509.355781 1073.486973 756.316160 2.752038
../../Data/ag/72.jpg 713.999446 496.876129 984.826822 695.626581 1.965693
../../Data/ag/73.jpg 762.804836 506.805182 1052.144602 720.196837 1.974601
../../Data/ag/74.jpg 762.525101 497.129943 1059.062640 724.389345 2.160304
../../Data/ag/75.jpg 634.575893 474.545172 1025.084135 736.363197 1.752057
../../Data/ag/76.jpg 787.861458 521.719936 1058.688834 720.470388 3.478043
../../Data/ag/77.jpg 834.503656 471.263991 1085.997909 655.171890 3.072498
../../Data/ag/78.jpg 823.072099 482.758235 1085.997909 666.666134 2.719025
../../Data/ag/79.jpg 823.072099 482.758235 1097.429466 666.666134 2.685252
../../Data/ag/80.jpg 828.563874 480.131225 1117.903639 693.522880 2.703990
../../Data/ag/81.jpg 834.503656 494.252479 1074.566352 678.160378 3.193810
../../Data/ag/82.jpg 714.623331 474.917180 949.275767 647.614336 1.251856
../../Data/ag/83.jpg 649.558419 468.722518 988.458464 695.981920 1.956167
../../Data/ag/84.jpg 674.461859 482.758235 925.956112 666.666134 1.812748
../../Data/ag/85.jpg 112.941176 430.375940 306.554622 560.300752 0.882602
../../Data/ag/86.jpg 296.822600 531.318178 663.485811 814.687873 0.909954
../../Data/ag/87.jpg 740.225030 550.669582 1160.352750 876.992297 1.136029
../../Data/ag/88.jpg 544.303254 601.965923 892.052555 848.926301 0.914369
../../Data/ag/89.jpg 129.699064 426.911545 319.924359 566.311233 0.947049
../../Data/ag/90.jpg 732.202953 638.181438 1073.897665 899.999464 1.039592
