../../Data/ag/17.jpg 1333.463153 569.848783 1512.585069 709.811642 1.817320
../../Data/ag/18.jpg 1231.033527 558.985646 1477.240233 732.892291 2.102822
../../Data/ag/19.jpg 1200.270993 511.333656 1482.687697 710.185633 1.747723
../../Data/ag/194.jpg 951.126472 479.186428 1124.058558 601.161155 1.000486
../../Data/ag/195.jpg 868.798327 448.275504 1085.997909 609.194916 1.460855
../../Data/ag/196.jpg 905.560798 459.877965 1084.682714 599.840825 1.194087
../../Data/ag/197.jpg 881.953638 487.898909 1106.765349 609.873636 1.986808
../../Data/ag/20.jpg 1186.150157 525.537368 1454.446026 724.389345 1.891584
../../Data/ag/21.jpg 1243.343863 521.719936 1477.240233 695.626581 1.938421
../../Data/ag/22.jpg 1083.309504 459.610420 1304.895539 633.517065 3.462599
../../Data/ag/23.jpg 984.826822 434.766613 1231.033527 608.673259 2.487139
../../Data/ag/237.jpg 1005.977010 436.781260 1303.197490 597.700672 1.224585
../../Data/ag/24.jpg 972.516487 422.344710 1206.412857 596.251355 1.334695
../../Data/ag/247.jpg 1357.516874 148.112169 1582.328586 270.086896 0.770854
../../Data/ag/25.jpg 1501.860903 285.703774 1674.205597 484.454226 0.871888
../../Data/ag/26.jpg 1466.652846 230.237877 1711.094987 513.607572 0.639230
../../Data/ag/265.jpg 885.658363 879.766543 1084.682714 1019.729402 0.754852
../../Data/ag/266.jpg 920.279767 795.411618 1280.389241 1079.000000 0.475027
../../Data/ag/27.jpg 1468.566861 440.315092 1722.741895 639.167070 0.478103
../../Data/ag/28.jpg 1269.256363 420.949318 1461.244721 572.059330 2.339189
../../Data/ag/29.jpg 1280.274868 385.079000 1452.619562 583.829452 1.755799
../../Data/ag/297.jpg 615.516764 347.813291 861.723469 521.719936 1.685778
../../Data/ag/298.jpg 685.893416 379.310042 914.524555 540.229453 1.180683
../../Data/ag/299.jpg 603.206428 335.391387 837.102799 509.298033 2.385312
../../Data/ag/30.jpg 607.195914 383.500242 889.612618 582.352219 1.210429
../../Data/ag/300.jpg 671.959251 377.775029 863.947609 528.885041 1.744842
../../Data/ag/308.jpg 547.316966 369.901842 776.194970 509.864701 1.576046
../../Data/ag/309.jpg 590.896093 409.922807 874.033804 583.829452 1.977944
../../Data/ag/31.jpg 520.677656 359.999785 846.101191 589.090558 1.205011
../../Data/ag/310.jpg 604.781393 355.005544 907.172090 571.095876 1.713956
../../Data/ag/311.jpg 631.202113 409.486584 812.780804 531.461311 2.038059
../../Data/ag/319.jpg 629.243697 397.894737 790.588235 511.578947 1.996785
../../Data/ag/320.jpg 591.831338 373.435397 854.867489 560.153096 1.540683
../../Data/ag/321.jpg 621.176471 397.894737 782.521008 511.578947 1.284738
../../Data/ag/322.jpg 607.963132 399.362174 821.283529 550.472185 1.453505
../../Data/ag/323.jpg 661.512605 430.375940 822.857143 544.060150 2.565363
../../Data/ag/324.jpg 631.286761 426.783311 868.019296 613.501009 2.198586
../../Data/ag/325.jpg 657.590376 426.783311 920.626526 613.501009 2.679244
../../Data/ag/326.jpg 615.516764 372.657097 898.654475 546.563742 2.899394
../../Data/ag/327.jpg 631.286761 400.109354 881.171104 586.827052 2.866265
../../Data/ag/328.jpg 639.961192 420.949318 842.615569 572.059330 2.721282
../../Data/ag/329.jpg 652.447770 422.344710 898.654475 596.251355 2.266033
../../Data/ag/330.jpg 649.558419 369.296529 847.250112 596.555932 2.569948
../../Data/ag/331.jpg 652.447770 422.344710 874.033804 596.251355 1.712038
../../Data/ag/332.jpg 636.877924 439.883271 835.902275 579.846130 2.073425
../../Data/ag/333.jpg 650.139998 401.310615 952.530694 617.400947 2.004726
../../Data/ag/334.jpg 502.988505 241.379118 743.051201 402.298529 1.262812
../../Data/ag/335.jpg 1000.336134 194.887218 1145.546218 308.571429 0.622432
../../Data/ag/336.jpg 994.359494 191.674571 1149.998371 313.649298 0.632758
../../Data/ag/337.jpg 945.828097 186.168327 1122.011762 316.486155 0.765397
../../Data/ag/338.jpg 714.623331 582.852902 927.943728 733.962914 2.853310
../../Data/ag/339.jpg 691.920925 568.148506 946.095959 767.000483 2.439061
../../Data/ag/340.jpg 708.756530 574.712185 948.819226 735.631596 3.185934
../../Data/ag/341.jpg 800.171793 571.407549 1034.068163 745.314194 2.491177
../../Data/ag/342.jpg 788.777428 563.217941 1085.997909 724.137353 2.755417
../../Data/ag/343.jpg 833.129277 511.333656 1115.545981 710.185633 2.285365
../../Data/ag/344.jpg 863.947609 561.265758 1141.264125 712.375769 3.039165
../../Data/ag/345.jpg 917.854288 497.129943 1200.270993 695.981920 2.965346
../../Data/ag/346.jpg 1016.700135 482.926230 1299.116839 681.778208 2.770531
../../Data/ag/443.jpg 480.103076 447.188517 726.309781 621.095162 0.465086
../../Data/ag/444.jpg 1290.756303 462.857143 1403.697479 592.781955 0.954605
../../Data/ag/445.jpg 1270.376954 474.729233 1437.287794 605.047061 0.945911
../../Data/ag/446.jpg 1227.817810 461.761467 1400.749895 583.736194 1.468591
../../Data/ag/447.jpg 1188.881921 413.792773 1348.923718 597.700672 1.579768
../../Data/ag/62.jpg 102.001069 428.187151 296.730383 558.504980 0.974043
../../Data/ag/63.jpg 129.699064 435.624026 293.984546 557.598753 0.923601
../../Data/ag/64.jpg 129.819543 428.187151 306.003208 558.504980 1.002306
../../Data/ag/65.jpg 129.819543 428.187151 306.003208 558.504980 0.987682
../../Data/ag/66.jpg 111.273894 428.187151 306.003208 558.504980 1.104861
../../Data/ag/67.jpg 762.804836 533.479139 1025.840987 720.196837 2.434715
../../Data/ag/68.jpg 781.016484 490.908798 1008.812958 752.726824 2.157709
../../Data/ag/69.jpg 762.804836 520.142160 1065.296409 706.859859 2.506840
../../Data/ag/70.jpg 801.335346 509.355781 1103.726042 725.446112 4.166303
../../Data/ag/71.jpg 781.016484 507.272425 1008.812958 769.090451 2.349713
../../Data/ag/72.jpg 771.096276 509.355781 1043.247903 725.446112 2.252367
../../Data/ag/73.jpg 764.745307 490.908798 1057.626488 719.999571 2.310018
../../Data/ag/74.jpg 771.096276 478.485734 982.769764 725.446112 2.363455
../../Data/ag/75.jpg 763.240787 496.876129 997.137157 670.782775 1.796727
../../Data/ag/76.jpg 762.804836 533.479139 1038.992794 720.196837 3.438414
../../Data/ag/77.jpg 804.887607 511.333656 1087.304311 710.185633 2.821706
../../Data/ag/78.jpg 846.693950 463.050710 1149.084647 679.141041 2.060534
../../Data/ag/79.jpg 846.693950 463.050710 1149.084647 679.141041 2.032693
../../Data/ag/80.jpg 846.693950 463.050710 1058.367438 710.011089 2.216917
../../Data/ag/81.jpg 837.102799 496.876129 1058.688834 670.782775 2.797779
../../Data/ag/82.jpg 710.197606 466.794246 960.081949 653.511945 1.238182
../../Data/ag/83.jpg 683.893991 493.468203 946.930141 680.185902 1.852942
../../Data/ag/84.jpg 657.590376 480.131225 920.626526 666.848923 1.890948
../../Data/ag/85.jpg 207.518503 313.649298 406.390402 435.624026 1.187621
../../Data/ag/86.jpg 111.273894 428.187151 306.003208 558.504980 0.858441
../../Data/ag/87.jpg 777.115426 550.692159 1079.326980 903.135141 1.147231
../../Data/ag/88.jpg 760.231112 571.064751 1040.316258 897.387467 1.223925
../../Data/ag/89.jpg 129.819543 428.187151 306.003208 558.504980 0.930934
../../Data/ag/90.jpg 129.365828 419.888577 318.438962 559.851436 0.738067
