%YAML:1.0
bias: 1.6539478252384783e+00
beta1: -1.9798061406402536e+00
beta2: 4.2573678440703699e-01
width: 6
height: 6
orientation: 31
data: !!opencv-matrix
   rows: 1116
   cols: 1
   dt: d
   data: [ 2.9650231050475095e-03, -7.9480737822733311e-03,
       1.7581327940521418e-02, -7.9940835602806994e-03,
       3.7597670154053200e-02, 5.1696766714697737e-02,
       4.6837100851316454e-02, 1.2312643798298410e-02,
       -1.1046943741333644e-02, 3.8982041237297527e-03,
       5.0771964074799475e-02, 4.3676276774482929e-02,
       -3.1367984183023299e-02, 3.1495329569212208e-02,
       -2.6769374039740196e-02, -3.8308545232626813e-02,
       -2.1088163605601212e-02, -2.0757788679684013e-02,
       -1.0547059107142516e-02, 2.5449395504580356e-02,
       -1.3436098774607216e-02, 4.6921276229175184e-02,
       -1.6361281098297060e-02, -1.5072985683878335e-02,
       -3.3121020396368502e-02, 5.7607955502356201e-04,
       -1.3168139849008232e-02, -1.7083240386141525e-02,
       -3.3851942004595389e-02, -3.1991674275205259e-02,
       -1.6999895084511947e-02, 4.8280464362253687e-02,
       -1.4474059540618079e-02, -4.1646930029385694e-02,
       -1.0315706853921122e-02, -1.3181597414026289e-02,
       -1.0697872814825801e-02, 2.3093989337069847e-02,
       5.6537869339895117e-03, -3.9727844436012790e-03,
       3.8673120674794087e-02, 1.7391688517234643e-02,
       3.3496187578109016e-02, 5.6133730577286010e-03,
       1.0600291552180702e-02, 4.2847992340024788e-02,
       7.0965618011788689e-02, 9.4355208274922477e-03,
       1.8975312959396078e-02, 3.9150516929352397e-02,
       2.7270256838381420e-02, -3.2027934903774306e-02,
       -1.1194250940780385e-02, -2.5129969773048152e-02,
       1.2369681084342849e-02, -7.4100040690433851e-03,
       -3.1530903676734709e-02, -3.2346843177186273e-02,
       -1.4726067081759549e-02, 6.6793171663103203e-03,
       -2.3729271252305267e-02, -1.0427048904686103e-02,
       -1.3595295513066794e-02, -9.5246587696447161e-03,
       -2.0642544087972142e-02, -1.7770881472233664e-02,
       -3.6193761228719007e-03, -1.4023263356265239e-02,
       -2.7231348060913117e-02, -2.4760090624719400e-02,
       2.2754895586363618e-02, -5.1907203270125961e-03,
       -4.3205786193245199e-03, -3.1057178531647940e-03,
       -1.9415247470031337e-02, 2.5365609644250511e-02,
       -2.1773577972731762e-02, -2.8162964008592115e-02,
       -3.2398436234439198e-03, -1.8924863533289468e-02,
       1.8293511055016691e-02, 4.0147871588220210e-02,
       -3.7943840004015884e-02, -2.7969909569944607e-02,
       5.2839036599873788e-02, 2.4959197035754964e-02,
       -9.8701759563570649e-03, -3.3709273537512366e-02,
       -1.6360843036168062e-02, -1.1616726676813823e-02,
       2.8878007606219697e-02, 5.2132744418565300e-03,
       -1.1002754284337009e-02, -3.1638078872516628e-02,
       -1.7507004065874132e-02, -1.4160095847926072e-02,
       -3.1274177557861924e-02, -1.3236494903088421e-02,
       1.1133523341833679e-02, -1.9679158568402355e-02,
       -2.7284664750269017e-02, -2.2659123958334276e-02,
       7.5893602451973180e-03, 2.2972610675281020e-02,
       -1.7830514224890147e-02, -2.2502575357576809e-02,
       1.8363893206998494e-02, 8.8220160724761069e-03,
       -3.0044489095151870e-02, 3.8704382084854801e-03,
       -8.3163191484152636e-03, 9.3746908729169572e-03,
       -1.3178349046561493e-02, -1.2560366433987771e-02,
       -2.9257143354716780e-02, -1.9037575410107536e-02,
       1.2854115109503655e-02, 1.7018084282255881e-02,
       -2.4122136729032566e-02, -1.6589462862492077e-02,
       1.2799889301218868e-03, -8.9026197156148144e-03,
       -2.7951370841440941e-03, -2.3005074541845277e-02,
       -1.4673787693032823e-02, -9.4141229634744500e-03,
       -4.6257365089221189e-03, -2.4139060120131228e-02,
       -1.3569341162344279e-02, -2.9801163005656786e-02,
       8.1999525180781862e-03, 1.0702371760425667e-02,
       -1.8766295729867367e-02, 3.4968186009958959e-03,
       -1.7896823192189541e-02, 6.0178672595741925e-03,
       -1.1119991573478670e-02, 3.3090182368835253e-03,
       -2.2121013496829260e-02, 3.5653290609632890e-03,
       -2.3018904494094904e-02, 5.8590091363414191e-03,
       3.4734558283880473e-02, 4.2540540108496096e-02,
       -2.4394601283602223e-02, 1.6741855438960517e-02,
       1.1163266961388814e-02, -1.9070926464236311e-02,
       -2.6115330848847540e-02, -2.7031672944344651e-02,
       -1.9138998334614649e-02, -1.0798608891705575e-02,
       -1.2802329560811822e-03, -7.1562723029213191e-03,
       5.8926764836073914e-03, -3.4958588229844663e-02,
       5.8704021570173421e-03, 2.0786913215340815e-02,
       1.9629630183486776e-02, -2.1774200629575989e-02,
       2.8446392648301295e-02, -1.4276963437125097e-02,
       3.5217711848908678e-02, -2.6935384993689832e-02,
       -8.0081980194396558e-04, -2.5711556968744963e-02,
       -4.3087617216739909e-03, 4.7316728001278469e-03,
       -3.3888077880501405e-03, -4.7906914939013934e-03,
       1.9586720396091491e-03, 1.3404850199315631e-03,
       -1.6008222791740231e-02, -7.6180002721534844e-03,
       -2.3757718295065875e-02, -2.4792213418531189e-02,
       2.3589751052327676e-02, 6.8272583627710381e-02,
       2.4105907972717153e-02, 1.1319806888706943e-02,
       2.2702375333799762e-02, -6.9237999324794665e-03,
       -1.7565248581019370e-02, -1.6263559335108233e-02,
       -1.3434187252370789e-02, -1.4454046015572361e-02,
       -1.0847044863003237e-02, 6.4381758715761385e-04,
       1.8030168839718325e-02, 4.6317110052945627e-03,
       5.2744468131068773e-03, -8.8701527855976590e-03,
       -3.0579275166011277e-02, -1.1987254350589421e-02,
       1.8970743912668656e-03, -1.8806524393516915e-02,
       7.0551213739816522e-03, -7.8846576499075269e-03,
       -1.6634066652335591e-02, 5.5432282422084875e-03,
       -2.4778576806222734e-02, -2.5008989312630021e-02,
       4.4659551599371024e-02, -6.7490319724429785e-03,
       -1.7413939634122994e-02, -2.3687978460243127e-02,
       1.8214475054998654e-03, -8.9373596276215942e-03,
       -2.4290924190902508e-02, -1.2230966337090487e-02,
       -8.2317879037648780e-03, -2.7021718425946663e-02,
       4.8872727961917377e-02, 4.7791013482040810e-02,
       -1.8904994772387652e-02, -1.9442036253416596e-02,
       1.5263510500571890e-02, -9.8247054667386993e-03,
       -1.1860473686707325e-02, 7.9233890378850088e-03,
       -8.6681697542047645e-03, -6.5400978322750153e-03,
       -1.0297154555825715e-02, -6.5106670486539753e-03,
       1.4167623773931977e-03, -1.7004671553765401e-02,
       5.6914935511296366e-02, -1.2605057848632611e-02,
       2.1531840050906824e-02, 3.8717096739598257e-02,
       1.8328180404856034e-02, -3.1162128721141220e-02,
       1.8248995790223078e-02, -5.2348717719104994e-03,
       4.2966019720135397e-02, 9.0300022198185319e-03,
       -2.7024670234031584e-03, -3.0938009125618615e-02,
       1.5231245126519291e-02, 3.9137443404241874e-03,
       -2.8392818054754267e-03, -2.8944203162448338e-02,
       2.0851379278795452e-02, 3.2401201460804628e-03,
       5.7479294400432084e-02, 7.2574402761305376e-02,
       4.5670816101103457e-03, -2.5038402442093270e-02,
       4.5236458805988387e-02, -1.9432580130226910e-02,
       -5.5365927540864919e-03, -1.5102132517313120e-02,
       1.1713960705011472e-02, -1.7656501722301900e-02,
       1.3708763431751692e-02, 1.2604739609592675e-02,
       1.2904878474831112e-02, -7.6912987443811479e-03,
       -7.5073495130143350e-03, -1.5638003591207227e-02,
       -6.9199160895857476e-03, -1.9109029424189482e-02,
       2.3049398220863580e-02, 9.6195229159839364e-03,
       -3.1417176498397960e-02, -7.5888671692044274e-03,
       -2.7887776824265850e-03, 1.8999126103020431e-02,
       -3.7062246121408009e-04, 2.7733831419006400e-03,
       -1.6655985393021357e-02, -2.4248134486907630e-02,
       2.5473539308874228e-02, 5.6539148676598393e-02,
       5.4109605335282134e-02, 3.6849141513972936e-02,
       -1.7344232697280790e-02, -1.8763733500086241e-02,
       8.7932097948157754e-03, 6.6720396081253019e-02,
       5.1162899095690016e-02, 5.5821095971764732e-02,
       6.3523818421004283e-03, -2.9220279993573645e-02,
       -2.0758126765046223e-02, -2.1377314050184597e-02,
       -8.0277957691381741e-03, 1.1943418000023688e-02,
       5.1310821145791739e-02, 4.6713297609370985e-02,
       6.0688282787387207e-02, 2.2325762122878713e-02,
       2.2991325194227117e-02, 1.1262459355849897e-02,
       -2.4223191169098483e-02, -3.7085200549583731e-02,
       2.2939396973048597e-03, -2.9181180261777403e-02,
       -4.2099828657995615e-03, 1.0628728446503140e-02,
       -1.5715188097861737e-03, -2.7245348914572341e-02,
       -2.8890803001686581e-02, 3.4688080951066390e-03,
       8.3382991549927517e-03, 6.1973471272564655e-03,
       3.5240510926302843e-02, 1.0486321890005630e-02,
       -1.5651871464038139e-02, 3.2081746616789787e-02,
       -4.2086609509314261e-02, -3.3474453755432718e-02,
       3.9968699696468542e-03, -7.7266369771760920e-03,
       2.8408717750100804e-02, -6.7875861271625964e-03,
       -3.8443259508233338e-02, -3.3390220742565799e-02,
       4.6000462379198609e-03, -3.7275619981707364e-02,
       -1.6308529006302232e-02, -1.4765044957938307e-02,
       -3.5325981212036069e-02, -1.1995944741541968e-02,
       4.7954756802918538e-02, 2.2941859455290373e-02,
       1.9414994457360755e-02, 3.5927578658571262e-02,
       -1.6869619573377508e-02, 5.4455262062327965e-03,
       4.8967469546320197e-03, 2.6033239804108019e-03,
       -3.5348037307531201e-02, -3.0220159154151893e-02,
       -3.7659620165138886e-02, -3.5699108628952793e-02,
       4.2350846588008802e-03, -1.2708407028005178e-02,
       -1.4534241500364576e-02, 5.6087781996795233e-02,
       -1.3348319484353584e-02, -1.0743589324564141e-02,
       3.1469909767583307e-02, 5.8783646026380254e-02,
       1.4141517661576753e-02, -5.5708411958859923e-03,
       -3.1329950228918144e-02, -2.6662129790349737e-02,
       -5.9019805530008147e-03, -6.1552594828642284e-03,
       -7.8961698731417757e-03, -1.1876662117888220e-02,
       -1.8804480019265907e-02, 9.5831073143052663e-03,
       1.0698914816049686e-02, -4.3588272599665349e-02,
       -2.7797879893630903e-02, -1.5183653069224510e-02,
       -9.8519969596143030e-03, 6.4931583544701509e-04,
       4.3615477480144299e-02, 2.9066992763383256e-02,
       -2.9606374820114332e-02, 1.3918545599331091e-02,
       2.3167566760977115e-02, 3.6144135353254732e-02,
       9.9788908435485251e-03, 6.3008309099565535e-02,
       -1.8915196199879847e-02, -2.5058453600837135e-02,
       6.7548305837927328e-03, -1.8252543077330388e-02,
       4.9346244772202522e-02, 4.5513132856174109e-02,
       2.9323266932897128e-02, 5.2689015107206479e-02,
       -7.9457378833780457e-03, 3.2396670627007663e-02,
       -4.0114947701268597e-02, 2.0148087289433889e-02,
       2.6528817250705165e-02, -1.7434484184157672e-02,
       -3.2586916980494395e-02, 4.4488898041964474e-03,
       -2.0088390617476394e-02, -3.4467451041506432e-03,
       1.1287527993317323e-02, -2.6114231420829411e-02,
       -3.0509407879284803e-02, -1.6979061602007135e-02,
       2.9027189978123862e-02, 6.3305208726473744e-02,
       6.6198215434368074e-02, -2.8726037730648194e-02,
       -8.7352707611872728e-03, -1.6802692110008600e-02,
       1.3105330092435414e-02, 3.3228924726148704e-02,
       1.9399226791341258e-02, 3.3636748137099985e-02,
       -7.0233232671936324e-03, 5.4433836699022208e-02,
       -2.8576396816267269e-02, 7.5605128094804099e-03,
       1.8349311421511003e-02, -1.8203697815560527e-02,
       1.1065996146368023e-02, 2.1959513661451210e-03,
       7.4505720930085645e-02, -2.8956652308677409e-02,
       -2.0197022857540971e-02, -1.3657692970461812e-02,
       -5.0861966944101382e-03, 9.2501933134019991e-03,
       -6.9578807585835472e-03, 3.1788069554739964e-02,
       -1.1706481657600276e-02, -2.2634095332296916e-02,
       -1.9094126440251370e-02, -2.1861927733177647e-02,
       -2.7347890759951587e-02, 7.4347764578950697e-03,
       -1.3652951915185566e-02, -1.9145639653559881e-03,
       -1.2275561401421279e-02, -1.1823477119205819e-02,
       -2.7386129128443674e-02, 5.7903242989920126e-02,
       2.2843565755130201e-02, 3.5118769312696300e-02,
       9.8172317823612652e-03, -9.0764004474914260e-03,
       -9.3158162854582918e-03, 3.5390481941294932e-03,
       9.2294160507902009e-03, -2.5419427082523059e-03,
       -2.4158118593249935e-02, -1.6573178357286621e-02,
       -2.2513014876147864e-02, -1.5518105277810477e-02,
       -6.8055449539791415e-03, 2.8605004102549944e-02,
       3.6675718629952829e-02, -7.5538480395507777e-03,
       7.4441065424678696e-02, 1.4780832949827847e-02,
       1.5538463073395070e-02, 9.1650661435030215e-03,
       5.9270337056681444e-02, -2.8273566512866926e-02,
       -1.9798649924689896e-02, -1.4888656583038559e-02,
       1.6667693640987788e-02, -1.4998032360118782e-02,
       -1.7264138533992779e-04, 1.1419606547609646e-02,
       -7.4720053110827519e-03, -1.9763803549933970e-02,
       -2.4012424768460897e-02, 8.0514263192396195e-04,
       -9.0635177067439360e-03, 1.2938830596928741e-02,
       -1.0605770144810584e-02, -2.9210721604654551e-02,
       -3.0358663603940669e-03, 5.3493886475439442e-02,
       3.4913454940445496e-02, 1.0584525096539554e-03,
       -1.4901953626102723e-02, -1.7837742493542318e-02,
       -1.2346365032956247e-02, -1.1605455444289443e-02,
       -1.0087238620455229e-02, -2.6762475062788029e-02,
       -2.4253664198819778e-02, -2.2230750394884154e-02,
       4.7461821033194414e-04, 1.6590906062499390e-02,
       1.9209981683615792e-03, -1.4421690048247688e-02,
       -6.1217448206418159e-04, -7.7810997832849817e-03,
       -1.0539721185785974e-02, -6.4918748599700985e-03,
       1.9178445008003996e-02, -1.3628302057363040e-02,
       3.7801149814633327e-03, -1.4866384749950012e-02,
       4.8086918684497014e-03, -1.8665929532238196e-02,
       3.8759967159430884e-02, 1.5874648315000781e-02,
       -1.8104469548952076e-02, -2.1920536072147341e-02,
       -2.8744348628116104e-02, -1.6562963273929761e-02,
       1.4174747658498828e-02, 1.1556209868689212e-03,
       -1.6777335665966328e-02, -2.6430896271697413e-02,
       -2.3764204444947590e-02, -1.3333505507046237e-02,
       -7.7472938879863153e-03, -2.7799482714596785e-03,
       -2.3603211602074476e-02, -1.0369648697336468e-02,
       -1.4740708492476964e-02, 6.9675227199413187e-03,
       5.6403555690746551e-04, -1.4114350818793909e-02,
       -2.3686296837634672e-02, -2.9032359919729411e-02,
       -2.1479345441080808e-02, 3.1252611408417577e-02,
       -5.1032372635418958e-03, -2.5518058230750935e-02,
       -2.4528289609897429e-02, -2.8107411910685449e-02,
       -1.6092643321342245e-02, 8.0421585011748661e-03,
       -2.2391684797923941e-02, -3.4212399286925946e-02,
       4.1666808133508865e-03, -1.1857854601724008e-02,
       -5.5939547568049901e-03, -1.9561370141934844e-02,
       1.5379602046158114e-03, 1.0864248577482366e-02,
       -3.2045683520616347e-02, -2.1859486891752593e-02,
       -9.7644424568515444e-04, 1.3396277125397888e-02,
       5.7352589409880812e-02, 1.7578026689903936e-03,
       -2.0328683136969020e-02, -1.6931518368312068e-02,
       4.2319126004269111e-02, -2.1260681141826620e-02,
       1.2007151604052510e-02, -1.1582320531616272e-02,
       -5.4568010271379645e-03, 3.0794295412620482e-02,
       2.4354573390287841e-02, 1.6411013831234569e-02,
       5.6534326107278814e-03, -1.9592892535555649e-02,
       -2.0129469731896700e-02, 3.2745471633439070e-02,
       8.1278712969459401e-03, 9.8187025096544457e-03,
       -6.9841671762843564e-03, -3.0295431065284772e-02,
       -1.4320932592780521e-02, -1.9851200778889647e-02,
       -3.4194098401526728e-02, -2.2785390935015977e-02,
       -2.6396855098360240e-02, -2.5484414682049716e-02,
       7.8565858581086667e-02, -2.3207909221562489e-02,
       2.8410280996108844e-03, -2.3675494943003521e-02,
       -2.6706882357919086e-03, -2.7096739744971638e-02,
       4.4735447733108710e-02, -2.5443820013770331e-02,
       -1.8539400175397274e-02, 6.8285253742207647e-02,
       6.0782738865916251e-02, -2.5000255162240193e-02,
       -2.8737167067106266e-02, -1.8099549263036901e-02,
       -9.7620370905585115e-03, -2.2424514857047186e-02,
       -1.8173058402251394e-02, 9.7022700323485291e-03,
       -1.5579911549526058e-02, 2.8055369524396790e-02,
       1.9103180368205117e-02, -2.6685468146593415e-02,
       -2.0900701472634259e-02, -1.9866738551435035e-02,
       -2.0304991499474630e-02, 2.5001801074953138e-02,
       -3.3929937935296486e-03, -1.5057862927359550e-02,
       -3.2492805264115049e-02, -1.6734195930430330e-02,
       -2.5461602312128812e-02, -1.4829318950349953e-02,
       -3.6790200829563795e-02, -3.3345621573771987e-02,
       -3.3032137825090277e-02, -1.8192425714734704e-02,
       2.6348284757608652e-02, -2.8430266216110077e-02,
       -1.8300890733986476e-02, 3.9410975348291903e-02,
       -1.8779929987601928e-02, -2.8453172849249265e-03,
       7.2208433136206757e-02, 3.1629454780862709e-02,
       6.2454027179446817e-03, -3.3208736984921567e-03,
       -8.8747230491722229e-03, 6.6677128999753262e-03,
       -1.9335946120378304e-02, -4.8108171400281299e-04,
       4.8964256980579567e-02, -3.5443651767032840e-02,
       -1.2690284996296319e-02, 2.1791135742689354e-02,
       1.2709766672858037e-03, 1.7137754731818926e-02,
       -3.1294860882822018e-02, -1.9157397966642353e-02,
       -3.7050858202737442e-03, 3.8526939413101563e-02,
       -1.4125816702493464e-02, -1.6129179646051542e-04,
       3.6887654922366842e-02, 6.0980434888983272e-03,
       4.6451794904263637e-03, 4.7884955506565748e-02,
       -2.0400686367597759e-02, -9.0500218702601470e-03,
       -7.9452065725570120e-03, -6.6897901399258341e-03,
       1.1242297405526673e-02, -2.9786947406511652e-02,
       3.9155086109519663e-02, -3.5543917452439547e-03,
       3.9566206244857148e-02, 8.6782423439153794e-02,
       -1.0316312520753313e-02, -2.7747743128846116e-02,
       2.1177682021140287e-02, 6.0823569731034220e-02,
       2.1607441549004121e-02, 7.6825712924789555e-02,
       -2.4934898512070057e-02, -2.7406772649234180e-02,
       -4.9767928413853458e-03, 2.7940876192551860e-02,
       -1.4120934723176579e-02, -4.4090910929714677e-02,
       1.2278031057856398e-03, 2.5706959310713394e-02,
       9.4831922327969671e-03, 2.0954858354640324e-02,
       2.6713579492000004e-02, 2.6492768466212152e-02,
       1.7576384324456566e-02, 1.2579964763096209e-02,
       1.4464296898649788e-02, 1.6828565681381968e-02,
       -2.3736132858741342e-02, -7.6972167110466571e-03,
       2.5176674298747245e-02, 1.9201733121355639e-02,
       -9.7369105820419577e-03, 2.4656495517356096e-02,
       -2.3954024018171236e-02, 2.5717126221088092e-02,
       -2.3412637141718210e-02, -2.2752920695435209e-02,
       2.2477282299766914e-02, 2.3550139648890279e-02,
       1.6414476217061279e-02, 4.0518286065210213e-02,
       -4.0760150366014061e-02, -3.5383840736668455e-02,
       -1.5272888544290833e-02, 1.5748144743164015e-02,
       7.2711108256410650e-03, -2.1379537095072152e-02,
       -4.4351325311979765e-02, -1.5957401249635322e-02,
       1.0566275858508197e-02, 1.6714425052590003e-02,
       -2.5495594245501858e-02, -4.9901838551582756e-02,
       -1.3442504701237284e-02, -2.5440509469590216e-03,
       2.5066018189157317e-02, 2.3027119814459263e-02,
       1.0831947413966567e-03, 2.2267198724573896e-02,
       2.6243927594311069e-02, 1.7304875531036733e-02,
       1.4001000181473475e-02, 1.3030082852228533e-02,
       1.4640211536633235e-02, 2.5398009708499987e-02,
       3.9233521033950995e-02, 7.6368495356204580e-03,
       1.6352077588419917e-02, 2.5934305876022558e-02,
       3.5365307015764250e-02, 2.2517214252595216e-02,
       -1.0422896710927674e-02, 2.1004150464652822e-02,
       -1.2172176704973458e-02, 2.6148634190324375e-02,
       1.1732803792649439e-02, -3.5370629268334307e-02,
       -4.1210108542738703e-02, 1.9240509535502378e-02,
       -3.1635662139551643e-02, -3.0673950762167036e-03,
       8.4749598468604088e-03, -3.0106597564290110e-02,
       -4.6490516094405930e-02, -2.7197392386389633e-02,
       2.7813970193536427e-02, 2.7789023009590144e-02,
       4.2508140732008384e-02, -4.6937108032950189e-02,
       2.1867783483480476e-02, -1.2256434044043916e-02,
       1.6621422056024890e-02, 3.3660620411402095e-02,
       1.3043076748378433e-02, 3.7975493162608329e-02,
       -2.1351959102002313e-02, 3.4335572203736460e-02,
       -1.4651597736472738e-02, -3.1060242065559275e-03,
       4.2215174171530090e-02, 3.3039659057440725e-02,
       -1.9570480726919002e-02, -1.5844462314869755e-02,
       3.6411151319689805e-02, 7.6461950454450225e-03,
       -2.3766319580024224e-02, -4.1866606332373449e-02,
       -1.5884773938078009e-02, 7.5014459964788168e-03,
       2.9215777204853605e-02, 4.1609042808662372e-02,
       -1.5032912688187558e-02, -4.8646480337142951e-02,
       -3.1075728623399190e-02, -2.3473271331533326e-02,
       -5.2336775822853523e-02, 3.9479287082753159e-03,
       4.0686444635511746e-03, -1.6190737205492481e-02,
       -3.5463248735464088e-02, -2.4356799345060739e-02,
       -1.4034176955594708e-02, 4.5860999593713619e-02,
       1.4859813155395703e-02, 2.2332135806700463e-02,
       3.5065737222902467e-02, 9.3897399292642101e-03,
       -3.5345694005956989e-02, 1.3563411754010490e-02,
       8.5724832095374782e-03, 1.2138709087801881e-02,
       -3.2118097497906568e-02, -2.4100407654976667e-02,
       -4.5340324974043326e-02, -2.9499113363310583e-02,
       1.0426996119807994e-02, 5.0205242965543732e-02,
       1.8413379248881350e-02, -1.9997171633241100e-02,
       5.3994883545468456e-02, 1.3555756869835945e-02,
       1.9489563021109494e-02, -8.6391821725334932e-03,
       5.2069248156710990e-02, -2.8210486082773097e-02,
       -1.4534950054596310e-02, -2.9887572175856747e-02,
       1.2156822189818731e-02, -3.8227291417916642e-02,
       1.6829505085888100e-02, 2.7411921978612763e-02,
       -2.1973797123500526e-02, -1.1177376852152187e-02,
       -3.6439929792164517e-02, 1.1983766159520199e-02,
       -1.1476936852701288e-02, 2.7687968336452418e-02,
       -2.8724678999843975e-02, -2.1630067752338184e-02,
       -1.9516660692053614e-02, 4.8627324185501801e-02,
       4.3916887930121107e-02, 4.3890582130579302e-02,
       -3.4721500149719357e-02, 4.5210279124594382e-03,
       5.6489674934723719e-03, -2.0291824530494509e-02,
       -2.9416673764531946e-02, -4.9127150184059103e-02,
       -3.9051234347351527e-02, -2.8503858133889896e-02,
       3.4442963381300143e-03, 1.6002382420734363e-02,
       1.3813584826987496e-02, -4.1558769965420302e-02,
       1.1734465827752401e-02, 1.8365064705657214e-02,
       1.6786773870948304e-02, -2.1237476141364620e-02,
       4.6461144129197267e-02, -1.3221692481403369e-02,
       4.4447493450448072e-02, -3.1865359714713215e-02,
       9.2088574617231155e-03, -3.7425429272491470e-02,
       2.8342722353931007e-02, 2.7538612153168308e-02,
       -1.7437551872055652e-02, -2.1593345311916083e-02,
       -2.2932788933760065e-02, -5.9379142606041085e-03,
       1.7413845776199539e-02, 7.2916292091666623e-03,
       -3.5913419873957145e-02, -4.7204556398142382e-02,
       4.5254649203129802e-03, 4.0797081666721031e-02,
       2.9244730576162611e-02, 2.5985688879357358e-02,
       4.5359430067838814e-03, -1.1086455388283491e-02,
       -2.2618373288524635e-02, 8.2369467696141328e-04,
       -3.2108688635691168e-03, -2.4384169509413925e-02,
       -3.0701006575465057e-02, -2.3953524522449865e-02,
       4.0195162793731521e-03, 4.2531195508249506e-02,
       1.2758194819028143e-02, -2.8935401032352964e-02,
       -4.8148872849054475e-02, -3.4787469226464293e-02,
       -9.3898783259982917e-03, -3.4179704571852651e-03,
       1.1968570877219156e-02, -2.6893395270010608e-02,
       -7.8359056244297932e-03, -1.0272574748551892e-03,
       -2.5426770404586425e-02, -3.7374562739378961e-02,
       3.4506616393673750e-02, 1.7178576713178469e-02,
       -4.3935544975468865e-02, -4.1539016963820216e-02,
       5.4138570892997206e-03, 2.1060199136016609e-02,
       2.7688348845500976e-02, -1.2816423557810959e-03,
       -2.4654227226888144e-02, -3.9946144178941274e-02,
       5.4439942444847601e-02, 3.0475455605119363e-02,
       1.2248938044696726e-02, -1.6400625645351437e-02,
       1.8288555691657351e-02, 2.8954392354842623e-02,
       2.2413617788814993e-02, 3.2073845114426347e-02,
       7.9374080589114139e-03, -2.0389709045426915e-02,
       -2.5494527693351338e-02, 3.1924905185828203e-02,
       1.8804049645124863e-02, 4.3525257924274955e-03,
       4.8957784478769521e-02, -3.4203945568547937e-02,
       1.3877493479858626e-02, 2.2850543579208824e-02,
       -9.0402256106579919e-03, -4.3513008655411231e-02,
       8.7087507678501336e-03, -2.3900063315258537e-02,
       5.6001330701372871e-02, -9.3196350015841024e-03,
       8.7461608609579519e-03, -4.5369569045377103e-02,
       1.4486465123744761e-02, -7.8890586014712157e-03,
       4.5358052849345742e-02, -4.5831773350087493e-02,
       1.2619039689006536e-02, 2.7660606455593172e-02,
       3.1625383931618962e-02, 4.3201864961723645e-02,
       -1.8693299080584102e-02, -3.6491204961923374e-02,
       4.0403097528431853e-02, -1.9019906633622422e-02,
       -3.6595297154455400e-03, 7.4137821528657815e-03,
       4.5383636580555243e-03, 2.0507445957177007e-02,
       3.7457826234910736e-02, -5.2974356031736947e-03,
       -7.0313120602489166e-04, -2.2029682616655069e-02,
       -2.1245999779301711e-02, 1.7054460809342645e-02,
       -1.1365993080693659e-03, -2.2558927771913095e-02,
       -1.4272807993938059e-04, 1.7509754963710047e-03,
       -4.9429517766291779e-02, -1.8440119505622785e-02,
       -3.1419982879992085e-02, -5.0854578647120136e-03,
       -1.9830763795239650e-02, -5.7006216273266276e-03,
       2.6702314125164842e-02, -4.1789121663254061e-02,
       2.1380438040270733e-02, 2.6578886964072852e-02,
       3.2268851400034645e-02, 3.4209261111129319e-02,
       3.3166987735701745e-02, 3.3882054562548780e-02,
       2.8542106460761291e-02, 2.7295696573831119e-02,
       3.3767096191499167e-02, 4.4965432493085829e-02,
       -1.6095243131071708e-03, -1.5338237057197040e-02,
       3.6610592283658622e-02, -4.1489839706837207e-02,
       -7.7781436550394554e-03, 3.4926689397239023e-02,
       2.0766241905499163e-02, 2.6523349999575702e-02,
       2.7148077609530356e-02, 1.8401775201338968e-02,
       2.6408814510470585e-02, 3.0088478131764563e-02,
       -2.3462270118753015e-02, -2.5481995625811101e-02,
       3.3940439468572434e-02, -5.8456274890301176e-03,
       1.0827833685650257e-02, 2.7730738775409856e-02,
       -1.4956294272056017e-02, -2.9707313752237171e-02,
       -2.0322589199512332e-02, 1.1082916073168402e-02,
       2.9364570290020930e-02, -1.2407285603468841e-02,
       1.7708749947437499e-02, 2.0640081013827159e-02,
       2.1912447084859014e-02, 2.7374214684429795e-02,
       -4.4752304663136552e-02, -5.2897006260167016e-02,
       1.3292548060005033e-02, 1.6452758701331689e-02,
       2.1348240654000601e-02, 3.4129549932487097e-02,
       -5.2375243721541273e-02, -5.3778500344918129e-02,
       1.2996315552685680e-02, 8.8739729252799160e-03,
       -1.2725317119406210e-02, -5.1143235143654722e-02,
       -2.7808966948562153e-02, 2.6026881690119241e-02,
       -5.4417255820685805e-03, 1.5422820821972827e-02,
       9.0200908365023549e-03, 8.6791001980681612e-03,
       -6.0792227501704895e-03, 4.4101625974967175e-03,
       -2.8779145234623129e-02, 1.5316047743806592e-03,
       1.3883003893069198e-02, 9.0207609477875837e-03,
       2.5263842759086892e-02, 4.6575102915939843e-03,
       3.2991439215825308e-03, 7.7053041606858722e-03,
       -2.6283724343620460e-02, -2.6102527420094061e-02,
       1.5437405277119272e-02, -9.2687718190678781e-03,
       2.0380761158874390e-02, 4.4951747027764458e-03,
       -1.2368161916362263e-02, -1.1354384637103998e-03,
       8.0540514226766398e-03, -3.2841221061522151e-03,
       -2.1894098200161409e-02, -1.2808717100365553e-02,
       7.1139107790012136e-03, 3.3549094121475657e-02,
       1.6792112582233058e-02, 1.0280283177470484e-02,
       -2.1800449376600063e-02, -4.0681983202865181e-03,
       4.5362335997011588e-02, 1.7787196860727814e-02,
       2.4968134968399301e-02, 2.0910060223618653e-02,
       5.0119730870414585e-03, 1.0254566994186016e-02,
       -3.2624288190297689e-04, 1.0778092678768572e-02,
       -4.0168584938450429e-04, -1.8004559110250595e-03,
       -1.8539607897748840e-02, -1.5870701006278801e-02,
       -6.7553105078031082e-03, 8.9250157372820684e-03,
       1.8981259829048872e-02, -1.1395862231438965e-02,
       1.7863042774494527e-02, -9.9085646258569200e-03,
       -1.9728445904038421e-02, -3.1140093482753671e-02,
       -2.8605819992225522e-02, -2.8149745973029137e-02,
       4.9513047521045600e-02, -5.1211715504714296e-05,
       3.6026416674688590e-03, -7.4142314157643581e-03,
       -2.6255459154541784e-02, -2.6141921864673665e-02,
       -1.1554591059423081e-03, -1.2404623444514755e-02,
       -5.2761758712330398e-03, 1.8153320743214268e-02,
       -4.6289314155557020e-03, -9.4148516931831100e-03,
       -1.7767841801034035e-03, -1.2280927062973826e-03,
       4.4816675931160840e-03, -8.7750548096887180e-03,
       2.0217230960549764e-02, 5.4229973677538384e-03,
       1.8212265491627529e-02, 3.8103388354042103e-02,
       1.6677257600991723e-02, 1.4187702247196813e-02,
       8.0521650008201408e-03, 1.4932003058830938e-02,
       -9.9207265771488196e-03, 1.2079699574687876e-02,
       1.5090240009560642e-02, 8.4547320744555524e-03,
       1.3978344953903234e-02, -1.5140588957396253e-02,
       2.0800137837556569e-02, 3.0075666488747804e-02,
       1.8342383439492224e-02, 5.9328228535297529e-03,
       1.4972798014604646e-02, -1.2859733914235522e-02,
       1.5221050109756457e-02, 1.2244453781495648e-02,
       3.0749901349068050e-03, 6.8128790815780160e-03,
       2.8493401680973789e-02, 2.2763567873164609e-02,
       -1.4311434969224102e-02, -9.5932514208752710e-04,
       -7.6575276760476154e-03, 1.3725749592129424e-02,
       1.2935492198153094e-02, 9.1256698288407108e-03,
       -2.4290852746667237e-02, -5.3484784130333708e-03,
       1.4141732624577800e-02, -1.6894923014421401e-02,
       2.1147131083164017e-03, 1.6446905946063007e-02,
       3.3152386388133774e-02, 3.8975426686163439e-02,
       1.7815969526518143e-02, 1.9918995571830390e-02,
       4.1334405464166866e-03, 9.8063488860181160e-03,
       -2.3587602457997067e-03, 7.4519172328868762e-03,
       5.4076681358552984e-03, 9.6055334886810100e-03,
       1.8086431476344166e-02, -2.0341440051551852e-02,
       3.3097912585693841e-02, 7.4156999850793119e-03,
       -2.0082618173740008e-03, 5.6552652662579111e-03,
       5.9051597995883514e-03, -2.8707586914544659e-02,
       3.7112947540722065e-02, -5.6730918562452612e-03,
       1.3900721233446298e-02, 1.8376518706125691e-03,
       -1.5467366692924363e-02, -9.2347844313843720e-03,
       -4.7156156806973330e-04, -4.8183303582590674e-03,
       1.0575559916054363e-02, 5.8914667649461894e-03,
       -2.4480474457691616e-02, -1.3102135600743900e-02,
       -9.5922482053696027e-04, -4.2903737376224077e-03,
       3.0614143836952754e-04, -2.8862353868179591e-02,
       -1.9450144792242274e-02, -1.2212784576634692e-02 ]
