%YAML:1.0
M: !!opencv-matrix
   rows: 62
   cols: 62
   dt: d
   data: [ 0., 0., 0., 0., 0., 0., 8.2176027013833336e-02,
       5.7606590628616304e-02, 0., 0., 0., 0., 0., 0.,
       8.5856181294388809e-02, 0., 0., 0., 0., 0., 0., 0.,
       3.1807824452417893e-02, 0., 3.1807824452417893e-02,
       3.1807824452417893e-02, 4.2925851600868044e-02, 0., 0., 0., 0.,
       0., 3.0008618428025290e-02, 0., 0., 0., 0., 0., 0., 0., 0., 0.,
       0., 0., 0., 0., 0., 0., 0., 0., 0., 2.8878162908921819e-02, 0.,
       0., 0., 0., 0., 0., 0., 0., 0., 0., 6.3101605057717947e-02,
       2.9327077879522691e-02, 0., 0., 8.3745366705233637e-02,
       2.4567984596582819e-02, 3.6287128238036759e-02,
       7.0389927483396370e-02, 0., 0., 7.6320724634149489e-02,
       2.0112735118235192e-01, 3.3326224863093966e-02,
       2.1588989774311920e-02, 2.0085801413789156e-01,
       7.8531474295105125e-02, 1.8845913308208492e-01,
       2.7490327945483289e-01, 0., 2.3462333869428253e-02,
       5.1851167019774019e-02, 2.2300653683589022e-02,
       5.0493351353544075e-02, 2.3551625208340275e-02,
       8.9216868491992757e-02, 2.4567984596582819e-02,
       8.7326433913258852e-02, 2.4517212236780293e-02,
       2.2442232396844418e-02, 0., 1.7708125475891795e-01,
       8.1536804999882501e-02, 1.0833524745055692e-01,
       1.5255094654347906e-01, 7.4347856336697049e-02,
       1.9002613911078003e-01, 1.3927694248506828e-01,
       1.8628652120812567e-01, 1.6311917219897212e-01,
       1.8275072112748658e-01, 2.3451258024010876e-02,
       5.7629080197692015e-02, 0., 3.3326224863093966e-02, 0., 0., 0.,
       2.4517212236780293e-02, 0., 0., 2.2147703884464597e-02,
       2.8878162908921819e-02, 7.2604107457006906e-02,
       2.4673131170642192e-02, 1.2522535089977885e-01,
       9.9360834549010804e-02, 0., 0., 2.4404994611883210e-02, 0.,
       2.4684784097172997e-02, 0., 1.7257970654275032e-01,
       4.3144926635687579e-02, 8.6289853271375158e-02,
       1.7257970654275032e-01, 7.0428109058878779e-02,
       6.8879842434586350e-02, 6.8742605584160787e-01,
       4.7306640557283341e-01, 4.3144926635687579e-02, 0., 0.,
       2.2812889103047709e-02, 1.1961607813446912e-01, 0.,
       6.1530195840659538e-02, 1.1769535749388933e-01,
       1.5082086852363044e-01, 1.0233588652812117e-01,
       4.3144926635687579e-02, 1.0975218714080343e-01,
       7.0428109058878779e-02, 2.5734915798898771e-02,
       1.1097463736854815e-01, 8.6289853271375158e-02,
       4.3144926635687579e-02, 8.6289853271375158e-02,
       1.1961607813446912e-01, 4.3144926635687579e-02, 0.,
       4.3144926635687579e-02, 8.1530883820965488e-02,
       9.0468321695310230e-02, 3.2394348150048102e-01,
       3.0257538876625434e-01, 7.5597021985860199e-02,
       8.3845760737072533e-02, 5.4268611761726891e-02,
       1.3968205356790106e-01, 2.8562262898210088e-02,
       8.9374028740084960e-02, 4.3144926635687579e-02,
       4.3144926635687579e-02, 1.2943477990706273e-01,
       3.3326224863093966e-02, 0., 8.6289853271375158e-02,
       4.3144926635687579e-02, 8.6289853271375158e-02,
       8.6289853271375158e-02, 8.6289853271375158e-02,
       6.8198473830442408e-01, 5.9988614490804570e-01,
       2.6497905445914693e-02, 6.8317936809306534e-02,
       2.8905740094189190e-02, 6.2780619274897365e-02, 0.,
       8.6289853271375158e-02, 0., 0., 9.3564626531759343e-02,
       8.6289853271375158e-02, 0., 0., 0., 0., 0., 0.,
       1.9245078972175217e-01, 1.0120029328230365e-01, 0., 0., 0., 0.,
       0., 0., 0., 0., 0., 0., 0., 0., 0., 0., 0., 0., 0., 0., 0., 0.,
       0., 0., 0., 0., 0., 1.0806646510321098e-01, 0., 0., 0., 0., 0.,
       0., 0., 0., 0., 0., 0., 0., 0., 0., 0., 0.,
       4.8112697430438042e-02, 4.8112697430438042e-02, 0., 0., 0., 0.,
       0., 0., 0., 0., 0., 0., 2.0503030026277327e-01,
       1.1337838301590630e-01, 8.6289853271375158e-02,
       2.1348608504344638e-01, 4.3144926635687579e-02,
       6.7712911232270398e-02, 1.1578216478384870e-01,
       2.0799805843594335e-01, 4.3144926635687579e-02, 0.,
       4.7733930070405178e-01, 4.4078567286952436e-01,
       1.1961607813446912e-01, 6.2495368275007956e-02,
       2.8474663664180222e-01, 1.9714679085473938e-01,
       4.8718273735080220e-01, 4.7964080746880294e-01,
       4.3144926635687579e-02, 8.6289853271375158e-02,
       6.7712911232270398e-02, 2.2300653683589022e-02,
       8.6289853271375158e-02, 1.0984147847971543e-01,
       1.6097902952825902e-01, 1.3947507226853667e-01,
       1.4894315601399183e-01, 8.4051305136383619e-02, 0.,
       4.3144926635687579e-02, 3.9583169418991460e-01,
       3.6843674435529594e-01, 2.6376511554298504e-01,
       3.6745509673504412e-01, 4.4055295304764791e-01,
       5.1156197831741546e-01, 6.9404902519475109e-01,
       4.7461366141588329e-01, 3.5591889081057110e-01,
       3.6745459502732614e-01, 4.3144926635687579e-02,
       4.3144926635687579e-02, 1.2943477990706273e-01,
       3.3326224863093966e-02, 0., 8.6289853271375158e-02,
       4.3144926635687579e-02, 8.6289853271375158e-02,
       8.6289853271375158e-02, 8.6289853271375158e-02,
       1.1591664052054890e-01, 7.1484758648609717e-02,
       2.1588989774311920e-02, 6.8317936809306534e-02,
       2.8804109163956626e-01, 2.8454472768367561e-01, 0.,
       8.6289853271375158e-02, 0., 0., 6.4733916409999495e-02,
       1.0787884304568708e-01, 1.1315312540520019e+00,
       1.1121082736272829e+00, 1.0890056472409733e+00,
       1.0174042094355107e+00, 1.3283131132615389e+00,
       1.4489793680387955e+00, 1.3028450519850499e+00,
       1.5427817125215861e+00, 1.1335565175742888e+00,
       1.2462638196415750e+00, 1.5651586080378199e+00,
       1.3944206450085157e+00, 7.6737700535323505e-01,
       7.6657019461415543e-01, 1.2655899517142739e+00,
       1.6062944549317382e+00, 1.2370256194283820e+00,
       1.4302443130421616e+00, 8.9208241750031991e-01,
       9.3619792617608777e-01, 1.5745445171525707e+00,
       1.5284414319644255e+00, 1.1485028283293524e+00,
       1.2439992589064173e+00, 1.1565815417429746e+00,
       1.4168129785493431e+00, 1.1440366227455170e+00,
       1.5318529898664208e+00, 1.0159218183644230e+00,
       8.8324232655954671e-01, 1.6595698902692886e+00,
       1.6890031657530791e+00, 1.9997455113053397e+00,
       1.8455765548499001e+00, 1.3926207187203410e+00,
       1.2933457857553301e+00, 1.5001563536034421e+00,
       1.6967728578357837e+00, 8.8238919257735715e-01,
       1.1600881322342980e+00, 1.2455551318150202e+00,
       1.2280778065065570e+00, 1.4085820685758337e+00,
       1.2889312625526981e+00, 1.1403131044438384e+00,
       1.1617629435804024e+00, 1.0999761265128087e+00,
       1.1806464590051911e+00, 1.0906245169330770e+00,
       1.4975535819036245e+00, 1.7154554357257528e+00,
       1.4960329633139013e+00, 1.4690945401841002e+00,
       1.3485393990932844e+00, 1.1694271560339654e-01,
       1.3170519875528974e-01, 1.4480092389644275e+00,
       1.4063213271932797e+00, 1.0709425558911185e+00,
       1.1950186105963434e+00, 1.5857614960921034e+00,
       1.3362425613128128e+00, 4.1876523134511745e-01,
       5.7809278630702843e-01, 6.6729352060063563e-01,
       4.6929580020471334e-01, 5.7389459420913380e-01,
       8.0360599791890097e-01, 1.1001819088514020e+00,
       1.1356806576074747e+00, 4.2742805287440788e-01,
       6.0247136490995445e-01, 9.9651318039425152e-01,
       6.9500730793895771e-01, 3.0586311928479620e-01,
       4.9339275124763687e-01, 7.9868027201226011e-01,
       1.0335343408693618e+00, 1.1443757874322211e+00,
       9.2045058154673376e-01, 7.1437552970945739e-01,
       2.4561270771021010e-01, 7.7724984841801248e-01,
       6.6438401821900861e-01, 6.6009284564254234e-01,
       6.0530907437450199e-01, 7.7580472130607825e-01,
       5.4937365233945379e-01, 3.3001592115047124e-01,
       9.3791170819731207e-01, 5.9648197530858638e-01,
       3.2668151534177503e-01, 8.9881414796558146e-01,
       1.0752708950397403e+00, 8.7622427031895656e-01,
       1.3032554972204851e+00, 1.0840566423005478e+00,
       1.0814424529219311e+00, 1.0057980845491856e+00,
       7.3620146380057150e-01, 0., 0., 4.7466141038693754e-01,
       7.9370257875917216e-01, 5.8102014913823985e-01,
       7.7860454866451712e-01, 8.0464739080999148e-01,
       5.3881721498926904e-01, 4.5228500419780837e-01,
       6.9394479129190623e-01, 4.7521718065596769e-01,
       5.6291984143089713e-01, 1.1029246543929763e+00,
       1.1190659774590601e+00, 7.8714801104911514e-01,
       7.2947625896580415e-01, 0., 0., 6.9676962294954803e-01,
       6.7581336828661465e-01, 4.9329157826797598e-01,
       6.8123682649717687e-01, 3.8098581094030409e-01,
       8.9235005158492087e-01, 5.6013342176415334e-02,
       9.7298982583492039e-02, 0., 0., 3.2057189670159227e-02,
       2.4567984596582819e-02, 2.2080511517082940e-01,
       7.5765039887471297e-02, 0., 0., 2.3687126693559024e-01,
       1.5848366324814975e-01, 0., 5.0387904554347079e-02,
       1.6517346364088842e-01, 2.6576806104976658e-01,
       2.3817911350934715e-01, 3.9458415794675611e-01,
       2.2442232396844411e-02, 0., 2.4567984596582819e-02, 0., 0.,
       9.7666936994515563e-02, 1.1783410289257143e-01,
       5.3185218997161512e-02, 2.4673131170642192e-02, 0.,
       2.2442232396844418e-02, 0., 1.6063386710536570e-01,
       2.8220405904340190e-01, 1.7011012153412783e-01,
       1.5779862103953218e-01, 4.1836538793902422e-01,
       3.9863192730167296e-01, 3.3532936980626304e-01,
       2.0045732848785966e-01, 0., 0., 0., 0., 0., 0., 0., 0., 0., 0.,
       2.2442232396844411e-02, 0., 5.8300093106870045e-02,
       1.4533300167504379e-01, 2.1588989774311920e-02,
       4.9846141344261151e-02, 0., 0., 0., 0., 0., 0.,
       5.3711115260762193e-02, 2.1588989774311920e-02, 0., 0., 0., 0.,
       0., 2.5734915798898771e-02, 0., 0., 0., 0., 0., 0., 0., 0.,
       5.2787367953473552e-02, 0., 0., 0., 2.2442232396844411e-02, 0.,
       0., 2.5734915798898771e-02, 0., 0., 0., 0., 0., 0., 0., 0., 0.,
       0., 3.0008618428025290e-02, 0., 0., 0., 0., 0., 0., 0., 0., 0.,
       0., 0., 0., 0., 0., 0., 2.2442232396844411e-02, 0., 0., 0., 0.,
       0., 0., 0., 0., 0., 0., 0., 2.5734915798898771e-02, 0.,
       1.7257970654275032e-01, 1.4620823864230992e-01,
       8.6289853271375158e-02, 1.7257970654275032e-01,
       9.9607110917730016e-02, 6.7712911232270398e-02,
       1.1555761401685871e+00, 5.2918760232334494e-01,
       4.3144926635687579e-02, 0., 4.2698028831274631e-01,
       7.2172965919475107e-01, 1.1961607813446912e-01, 0.,
       2.7477080286935684e-01, 1.4186815827299737e-01,
       6.4411706477853858e-01, 5.3156013682038461e-01,
       6.5587159032531983e-02, 8.6289853271375158e-02,
       6.7712911232270398e-02, 2.2300653683589022e-02,
       8.6289853271375158e-02, 1.0984147847971543e-01,
       1.6097902952825902e-01, 2.1310655356978953e-01,
       1.4894315601399183e-01, 4.3144926635687579e-02,
       2.2442232396844418e-02, 4.3144926635687579e-02,
       7.6281097505987372e-01, 4.6862662505860003e-01,
       3.7705141312080426e-01, 3.1015914902978631e-01,
       3.0906205351687493e-01, 4.6809275320719712e-01,
       7.1882980205706770e-01, 4.6933635120777634e-01,
       5.8408151986711920e-01, 5.2768902432351272e-01,
       4.3144926635687579e-02, 7.7322748809368722e-02,
       1.2943477990706273e-01, 3.3326224863093966e-02, 0.,
       8.6289853271375158e-02, 4.3144926635687579e-02,
       8.6289853271375158e-02, 1.0873208566821957e-01,
       8.6289853271375158e-02, 7.9459154427826673e-01,
       2.9846382084284190e-01, 0., 4.3144926635687579e-02,
       1.5996321787633724e-01, 1.3657997773818048e-01, 0.,
       8.6289853271375158e-02, 2.4404994611883210e-02, 0.,
       6.4733916409999495e-02, 1.0787884304568708e-01,
       3.0651011337695017e-02, 2.9327077879522691e-02, 0., 0.,
       5.6462184282042437e-02, 2.4567984596582819e-02,
       2.1902523023777445e-01, 3.9016452220145359e-01, 0., 0.,
       2.5522199756848374e-01, 2.5061240243546890e-01, 0., 0.,
       1.3053311772843568e-01, 1.9671621337837097e-01,
       3.5641927975282289e-01, 3.2043536251374211e-01,
       2.2442232396844411e-02, 0., 2.4567984596582819e-02,
       2.2300653683589022e-02, 2.5808567256371078e-02,
       2.3551625208340275e-02, 1.1783410289257143e-01,
       5.3185218997161512e-02, 7.2252929480390735e-02,
       2.4517212236780293e-02, 2.2442232396844418e-02, 0.,
       1.6003326195585404e-01, 1.6942047273574892e-01,
       1.5005494970386246e-01, 1.1854528519480349e-01,
       3.5865213183400074e-01, 2.3159205811465036e-01,
       4.1001981067860832e-01, 3.2553042748541178e-01,
       2.2211042848658605e-01, 1.6724959230575617e-01,
       2.3451258024010876e-02, 5.7629080197692015e-02, 0., 0., 0., 0.,
       0., 2.4517212236780293e-02, 2.2442232396844411e-02, 0.,
       3.6479366537202640e-01, 1.6580839609876058e-01,
       2.4517212236780293e-02, 0., 2.0127905053710737e-01,
       2.1465734650086937e-01, 0., 0., 2.4404994611883210e-02, 0., 0.,
       0., 4.8391858533160381e-01, 5.1450152007080474e-01,
       5.2761560877017155e-01, 4.5365287739470711e-01,
       4.3454250375692416e-01, 4.4505663016148594e-01,
       4.8744621984580139e-01, 4.1997657117442638e-01,
       4.6435222627753248e-01, 4.4199279615623260e-01,
       1.1326951123098967e+00, 8.7486850426443130e-01,
       3.9427618864822622e-01, 2.5722384033231577e-01,
       6.2157844850155475e-01, 9.1799136904884726e-01,
       1.0464295447693162e+00, 1.2601128424590582e+00,
       1.6333436512081725e-01, 3.5426688189268951e-01,
       4.8823744973462230e-01, 3.2733577089907084e-01,
       7.6656976563653056e-01, 7.0208249283770408e-01,
       5.1840438690807011e-01, 8.8791978430442375e-01,
       3.7044480459730966e-01, 2.8887656770741804e-01,
       1.2327121895910736e-01, 2.2024247464458352e-01,
       1.2922046261645173e+00, 1.2214760489358463e+00,
       8.3579791535776038e-01, 9.4655406640736084e-01,
       6.5880522683290166e-01, 8.4408362384941704e-01,
       1.1699192214580321e+00, 1.4705067469327135e+00,
       6.9545311844204327e-01, 7.3451209377214122e-01,
       2.8725467826863654e-01, 4.2848990375935614e-01,
       1.9642903706239132e-01, 2.5417795279578681e-01,
       2.1407891369662815e-01, 4.6125249933483042e-01,
       3.2421809748764441e-01, 2.2027836758203234e-01,
       4.1360767770172158e-01, 5.9835868705691408e-01,
       3.5312831276254619e-01, 3.7290708271381368e-01,
       2.0096482499726137e-01, 1.1012123732229176e-01,
       1.4993799563412474e-01, 0., 4.5507099191815070e-01,
       3.5421304248651631e-01, 1.5839350892254039e-01,
       1.1013918379101616e-01, 6.2428135865796019e-01,
       1.9332931011968923e-01, 0., 0., 0., 0., 0., 0., 0., 0., 0., 0.,
       0., 0., 0., 0., 0., 0., 0., 0., 0., 0., 0., 0., 0., 0., 0., 0.,
       0., 0., 0., 0., 0., 0., 0., 0., 0., 0., 0., 0., 0., 0., 0., 0.,
       0., 0., 0., 0., 0., 0., 0., 0., 0., 0., 0., 0., 0., 0., 0., 0.,
       0., 0., 0., 0., 3.0651011337695017e-02, 0., 0., 0.,
       3.2057189670159227e-02, 0., 7.5171480332091450e-02,
       3.5898234346029123e-02, 0., 0., 1.2902205947306719e-01,
       5.2267535793652106e-02, 0., 0., 1.1632582862625523e-01,
       1.7539774723802526e-01, 2.1384320554885464e-01,
       1.6132969205963210e-01, 0., 2.3462333869428253e-02, 0., 0., 0.,
       0., 0., 7.3631481301252841e-02, 4.2925851600868044e-02,
       2.4517212236780293e-02, 2.2442232396844418e-02, 0.,
       6.4482891017901584e-02, 1.3935157771742862e-01,
       1.0378649651385299e-01, 3.3917194224438084e-02,
       1.5808005623280438e-01, 6.0745036836967470e-02,
       2.3374841317843753e-01, 2.0879498680912595e-01,
       8.7553519185824047e-02, 7.7471135593327550e-02, 0.,
       3.4177822173681142e-02, 0., 0., 0., 0., 0.,
       2.4517212236780293e-02, 0., 0., 0., 0., 2.4517212236780293e-02,
       0., 0., 4.4810463679899416e-02, 0., 0., 0., 0.,
       3.2122125486450270e-02, 0., 5.7816992331889611e-02,
       2.2962869180451906e-01, 0., 4.0906378500696033e-02, 0.,
       2.5734915798898771e-02, 1.7492192425987291e-01,
       2.1627529440562854e-01, 0., 0., 2.5995741593835681e-01,
       2.8449670276033195e-01, 3.3326224863093966e-02,
       4.0906378500696033e-02, 5.1851102040587838e-01,
       5.2647721010304849e-01, 4.3835168239382527e-01,
       3.3301134216716505e-01, 0., 0., 0., 4.8035569482487793e-02,
       1.1790719830288096e-01, 1.0127317302679975e-01,
       9.5475070921816452e-02, 1.3259716699429519e-01,
       6.2653302742616657e-02, 4.0906378500696033e-02, 0., 0.,
       2.2320689385031151e-01, 7.9442041222854184e-02,
       2.9281045186832944e-01, 3.2747003596444235e-01,
       3.7466749899187418e-01, 2.5335849719310588e-01,
       1.6667135680116177e-01, 2.3712871285534673e-01,
       2.9350152607267715e-01, 3.3124684802636273e-01, 0., 0., 0.,
       3.3326224863093966e-02, 0., 0., 0., 0., 0., 0.,
       1.9312231334403310e-01, 1.6817188047658493e-01,
       1.0244432431377959e-01, 0., 1.5458830504598170e-01, 0., 0., 0.,
       0., 0., 5.7857041285349041e-02, 0., 5.7816992331889611e-02,
       1.5939523542430034e-01, 0., 0., 0., 2.5734915798898771e-02,
       3.2055555909861089e-01, 2.5995348661652001e-01, 0., 0.,
       2.3685671636252142e-01, 3.9353333781079952e-01, 0., 0.,
       4.9024860425504851e-01, 5.6663945897406132e-01,
       4.8106930121897579e-01, 4.5402810834641177e-01, 0., 0., 0.,
       4.8035569482487793e-02, 8.6099373850463068e-02,
       7.4115311786175295e-02, 6.3667246469398558e-02,
       5.7220754072176083e-02, 4.2925851600868044e-02,
       5.3070212669180536e-02, 0., 0., 3.1221879446505618e-01,
       1.9152093410686855e-01, 3.0970532146174656e-01,
       2.9492210742730735e-01, 4.6060105655351175e-01,
       4.2861041827052204e-01, 3.1712892834131595e-01,
       3.2277092893712361e-01, 2.8378779806789556e-01,
       3.2172937576457367e-01, 0., 3.4177822173681142e-02, 0., 0., 0.,
       0., 0., 2.4517212236780293e-02, 0., 0., 2.9504863387034819e-01,
       1.6817188047658493e-01, 1.2696153655055989e-01, 0.,
       4.2556839405785932e-02, 9.4203923247402968e-02, 0., 0., 0., 0.,
       5.7857041285349041e-02, 0., 1.1383033450830495e-01,
       9.3796204836611136e-02, 0., 4.0906378500696033e-02,
       5.1688177035074410e-02, 5.0302900395481590e-02,
       4.2184878655530467e-01, 6.0786710967241986e-01, 0., 0.,
       2.3829695303835652e-01, 2.8008537207453332e-01,
       3.3326224863093966e-02, 9.1294283055043113e-02,
       2.7946342035307259e-01, 4.8077278832698145e-01,
       5.7785788622775558e-01, 3.7583353628356209e-01,
       2.2442232396844411e-02, 2.3462333869428253e-02,
       5.1851167019774019e-02, 4.8035569482487793e-02,
       1.6840054965642504e-01, 5.0709486448964738e-02,
       1.8469193941380918e-01, 1.5716515159087802e-01,
       8.7326433913258852e-02, 6.9459378933096269e-02,
       2.2442232396844418e-02, 0., 3.2077719628270546e-01,
       2.4453439081394060e-01, 4.7720559840026200e-01,
       6.1826389523031156e-01, 3.8196318715254679e-01,
       3.9048926394064770e-01, 2.0938562616916068e-01,
       3.3922377077798183e-01, 2.2280040738659682e-01,
       4.0196121976069199e-01, 2.3451258024010876e-02,
       2.3451258024010876e-02, 0., 3.3326224863093966e-02, 0., 0., 0.,
       0., 2.2442232396844411e-02, 0., 4.5221806847755064e-01,
       4.2790317214983009e-01, 4.8086895220226612e-02,
       4.9846141344261151e-02, 4.5446321952739910e-01,
       3.6318925453313916e-01, 0., 0., 2.4404994611883210e-02, 0.,
       1.0413081515683396e-01, 2.1588989774311920e-02,
       4.0049875558842052e-01, 3.1628925157686549e-01,
       3.8833194931977499e-01, 3.0592193123945854e-01,
       3.3868737921037712e-01, 3.7374263210187331e-01,
       3.6713837966534796e-01, 5.7841585595540002e-01,
       3.8219599797040621e-01, 2.0941899409426060e-01,
       8.9450170207362423e-01, 5.8052746420856893e-01,
       2.4446816782207570e-01, 3.2767016145579209e-01,
       4.2251485818539136e-01, 6.7764395028903091e-01,
       7.0074819149953960e-01, 7.2808957042566602e-01,
       3.4597291907380634e-01, 0., 4.1688755873756089e-01,
       4.4364976138778922e-01, 5.9564094516165567e-01,
       5.7359909153369126e-01, 5.1166660109275008e-01,
       4.4886449449122434e-01, 1.7471527499974385e-01,
       3.6208000354629788e-01, 2.3616903841712672e-01,
       9.9596875946537794e-02, 7.6292214639658629e-01,
       9.2200519779307566e-01, 5.0848234737060705e-01,
       7.0815394335037574e-01, 4.0007101297280273e-01,
       4.7707757540418794e-01, 8.0483185519642009e-01,
       1.0505072050174211e+00, 4.8641876107482579e-01,
       4.9860597262472411e-01, 2.4754386913237225e-01,
       3.2266226818557830e-01, 9.1501123038665311e-02,
       2.4674581441529114e-01, 4.5386892442529309e-01,
       1.8802229767490650e-01, 1.3657824163427001e-01,
       2.2891007556978396e-01, 4.6504037864346220e-01,
       3.6043560942671060e-01, 3.7505048914163852e-01,
       2.4947190985299963e-01, 2.5031285115281909e-01,
       3.1730284111838519e-01, 0., 5.9579575168100307e-02,
       3.8104640945634571e-01, 4.3020066057640455e-01,
       5.6451949310850229e-02, 2.2614717271301821e-01,
       2.8451915565642338e-01, 3.9240908184422912e-01, 0., 0., 0., 0.,
       0., 0., 0., 0., 0., 0., 0., 0., 0., 0., 0., 0., 0., 0., 0., 0.,
       0., 0., 0., 0., 0., 0., 0., 0., 0., 0., 0., 0., 0., 0., 0., 0.,
       0., 0., 0., 0., 0., 0., 0., 0., 0., 0., 0., 0., 0., 0., 0., 0.,
       0., 0., 0., 0., 0., 0., 0., 0., 0., 0., 5.6013342176415334e-02,
       6.4469126957088438e-02, 0., 4.0906378500696033e-02,
       2.7283182423191200e-02, 0., 3.6287128238036759e-02,
       7.0389927483396370e-02, 0., 0., 3.2370771204597838e-02,
       2.2812889103047709e-02, 3.3326224863093966e-02,
       9.1294283055043113e-02, 9.4873300055840493e-02,
       9.5217457244082759e-02, 1.0754415702692935e-01,
       1.2747530189588446e-01, 0., 2.3462333869428253e-02,
       2.7283182423191200e-02, 0., 5.0493351353544075e-02, 0.,
       8.9216868491992757e-02, 0., 5.7999356033736155e-02,
       4.0906378500696033e-02, 2.2442232396844418e-02, 0.,
       1.5953683469147653e-01, 1.1661952044099870e-01,
       1.2748700429469745e-01, 1.5051790939881785e-01,
       7.4639879738756576e-02, 1.0828397486870985e-01,
       1.2295133237629050e-01, 1.3968205356790106e-01,
       2.8562262898210088e-02, 8.9374028740084960e-02,
       2.3451258024010876e-02, 2.3451258024010876e-02, 0.,
       3.3326224863093966e-02, 0., 0., 0., 0., 0., 0.,
       6.5060808530340963e-02, 2.8878162908921819e-02,
       4.8086895220226612e-02, 4.9846141344261151e-02,
       1.2721788967433206e-01, 6.3725107555484925e-02, 0., 0., 0., 0.,
       4.6273773871484916e-02, 2.1588989774311920e-02, 0., 0., 0., 0.,
       0., 0., 0., 4.3678192210891503e-02, 0., 0., 0., 0., 0., 0., 0.,
       0., 0., 0., 0., 0., 0., 0., 0., 2.7157861240624460e-02,
       2.2914150904742449e-02, 2.7157861240624460e-02, 0.,
       2.8553000432400239e-02, 0., 0., 0., 0., 6.3134329997550392e-02,
       0., 0., 0., 2.0157033203748859e-02, 2.0157033203748859e-02, 0.,
       0., 0., 0., 0., 0., 0., 0., 0., 0., 0., 0.,
       3.6152389222405448e-02, 0., 0., 0., 0., 0., 0., 0., 0., 0., 0.,
       0., 0., 0., 0., 0., 0., 0., 0., 0., 0., 0., 0., 0., 0., 0., 0.,
       0., 4.7634166638969917e-02, 4.9661167656976313e-02, 0., 0., 0.,
       0., 0., 0., 0., 0., 0., 0., 0., 0., 2.7396493924054584e-02, 0.,
       0., 0., 0., 0., 0., 0., 0., 0., 0., 0., 0., 0., 0., 0., 0., 0.,
       0., 0., 0., 0., 0., 0., 0., 0., 0., 0., 0., 0., 0., 0.,
       2.7165980994194597e-02, 0., 0., 0., 0., 0.,
       3.5641829487086905e-02, 0., 0., 0., 3.5182721861904159e-02, 0.,
       0., 0., 7.5499325167473375e-02, 4.2581293698256154e-02,
       9.1357300372048617e-02, 1.8590354943717097e-01, 0., 0., 0., 0.,
       3.1807824452417893e-02, 2.7157861240624460e-02,
       5.4721975357160342e-02, 5.8965685693042350e-02, 0.,
       2.8553000432400239e-02, 0., 0., 3.5123145431929417e-02,
       1.4049258172771767e-01, 1.0527927760897701e-01, 0.,
       4.2566953624771545e-02, 0., 2.0157033203748859e-02,
       1.8268706569077520e-01, 1.2550954392839009e-01,
       7.9575790432772159e-02, 0., 0., 0., 0., 0., 0., 0., 0., 0., 0.,
       3.6152389222405448e-02, 0., 0., 0., 0., 0., 0., 0., 0., 0., 0.,
       0., 0., 0., 0., 0., 2.7283182423191200e-02, 0., 0., 0., 0., 0.,
       0., 0., 0., 0., 0., 2.4385173067246559e-02, 0., 0., 0., 0.,
       2.7283182423191200e-02, 0., 0., 0., 0., 0., 0., 0., 0., 0., 0.,
       0., 0., 2.9493641036195197e-02, 0., 0., 0., 0., 0., 0., 0., 0.,
       0., 0., 0., 0., 0., 0., 0., 0., 0., 0., 0., 0., 0., 0., 0., 0.,
       0., 0., 0., 0., 0., 0., 0., 0., 0., 2.4567984596582819e-02,
       4.5888898775796570e-02, 1.2559167265122523e-01, 0., 0.,
       2.3536583400426813e-02, 4.7887189876560959e-02, 0., 0.,
       2.4539253980809757e-02, 0., 0., 2.5139415367763297e-02, 0., 0.,
       2.4567984596582819e-02, 0., 0., 0., 0., 0., 0., 0., 0., 0.,
       2.7396493924054584e-02, 0., 0., 0., 7.4347856336697049e-02,
       4.9339490927145901e-02, 2.3918997228805583e-02, 0., 0., 0.,
       2.3451258024010876e-02, 2.3451258024010876e-02, 0., 0., 0., 0.,
       0., 0., 0., 0., 7.3003535874672523e-02, 0., 0., 0.,
       3.3266905082789462e-02, 3.3266905082789462e-02, 0., 0., 0., 0.,
       0., 0., 0., 3.5055252891496157e-02, 1.0516575867448846e-01, 0.,
       0., 0., 3.3524072447836945e-01, 3.9247446531535246e-01,
       7.0110505782992313e-02, 3.5055252891496157e-02,
       2.5640999599616793e-01, 2.5062926905269245e-01, 0.,
       3.5055252891496157e-02, 5.7785639453717272e-02,
       1.7641199603967941e-01, 1.0732031944184825e-01,
       2.4232240688270706e-01, 0., 0., 3.5055252891496157e-02, 0.,
       3.5055252891496157e-02, 3.5055252891496157e-02,
       3.5055252891496157e-02, 3.5055252891496157e-02,
       3.5055252891496157e-02, 1.4022101156598463e-01,
       3.5055252891496157e-02, 3.5055252891496157e-02,
       5.0625416003394674e-01, 3.4773416618250613e-01,
       6.9901780690795501e-02, 6.7845794666135981e-02,
       2.7606817285707569e-01, 2.0086266555910950e-01,
       4.0126740280643602e-01, 8.0053997242931996e-02,
       1.5824574195559316e-01, 1.7963976446614191e-01,
       3.5055252891496157e-02, 1.0516575867448846e-01,
       7.0110505782992313e-02, 0., 1.0516575867448846e-01,
       1.0516575867448846e-01, 7.0110505782992313e-02,
       7.0110505782992313e-02, 3.5055252891496157e-02, 0.,
       1.7068034287929140e-01, 2.6681824982706537e-01,
       7.0110505782992313e-02, 1.0516575867448846e-01, 0., 0.,
       7.0110505782992313e-02, 0., 1.4022101156598463e-01,
       1.4022101156598463e-01, 3.5055252891496157e-02,
       7.0110505782992313e-02, 5.4213759794087421e-02,
       5.2889826335915088e-02, 0., 0., 2.4404994611883210e-02, 0.,
       3.5641829487086905e-02, 3.5898234346029123e-02, 0., 0.,
       1.2986583454134318e-01, 3.7106333436674505e-01,
       3.3326224863093966e-02, 2.1588989774311920e-02,
       7.1404804108706477e-02, 4.6829655265524558e-02,
       2.0501406503819100e-01, 1.4699369631957432e-01, 0., 0., 0., 0.,
       0., 2.7157861240624460e-02, 0., 2.7157861240624460e-02,
       6.2653302742616657e-02, 2.4517212236780293e-02,
       2.2442232396844418e-02, 0., 2.6382912940574460e-01,
       1.4860853385338579e-01, 6.4750692138785232e-02,
       5.7801227804541271e-02, 3.1171799496215447e-01,
       4.2535968931436102e-01, 1.5803156674598268e-01,
       2.7021956407209219e-01, 3.3971888494444635e-01,
       4.4114044205514530e-01, 0., 0., 0., 3.3326224863093966e-02, 0.,
       0., 0., 2.4517212236780293e-02, 0., 0., 5.8300093106870045e-02,
       0., 4.6106202011092209e-02, 2.5173010173618959e-02,
       1.9070140176376130e-01, 1.7089285880467059e-01, 0., 0.,
       2.4404994611883210e-02, 0., 2.1588989774311920e-02,
       2.1588989774311920e-02, 0., 0., 0., 0., 0., 0., 0., 0., 0., 0.,
       1.5505608577833088e-01, 1.6251249997221809e-01, 0., 0., 0.,
       5.9267087667854879e-02, 8.6778512286913051e-02,
       3.9021703419910049e-02, 2.2442232396844411e-02, 0., 0., 0., 0.,
       0., 0., 0., 0., 0., 0., 0., 3.7919711322761139e-02,
       3.7919711322761139e-02, 2.0433830668015594e-02, 0.,
       2.5103769491468497e-01, 2.2740064105450186e-01, 0.,
       2.2390631237708663e-02, 2.1088155447248896e-01,
       2.6806828260386489e-01, 0., 0., 0., 0., 0., 0., 0., 0.,
       2.2442232396844411e-02, 0., 0., 0., 0., 0., 0.,
       9.9360834549010804e-02, 0., 0., 0., 0., 2.1588989774311920e-02,
       2.1588989774311920e-02, 9.4167582313405529e-01,
       9.1990734330316437e-01, 7.8217964417456465e-01,
       8.1583768680552482e-01, 1.1211063034276394e+00,
       9.6548380729116723e-01, 6.9570329541777876e-01,
       7.2105656497243975e-01, 8.8877917698023223e-01,
       9.4669212320320395e-01, 1.2189507510560547e+00,
       6.2356054288069340e-01, 6.1796317259073730e-01,
       5.8514279357013488e-01, 1.2368491867461133e+00,
       1.4474236560859848e+00, 9.2226963233662385e-01,
       9.5614598971603892e-01, 5.4971744981448722e-01,
       6.2775769906393075e-01, 1.1174051059058305e+00,
       1.2086627226539237e+00, 1.0021326390980989e+00,
       9.8517673368471792e-01, 9.6844421284416538e-01,
       1.3377203128932309e+00, 1.0985337264641357e+00,
       8.3305038553876642e-01, 6.3490618723412007e-01,
       6.1660817108159582e-01, 6.3129919866501805e-01,
       9.5788736658648466e-01, 1.4812248825954648e+00,
       1.3411686209474014e+00, 1.0325331886359010e+00,
       6.7328709473025772e-01, 1.1477382111321166e+00,
       1.3187951020209205e+00, 4.5327550525921517e-01,
       7.2148701582219177e-01, 1.0140244167989176e+00,
       6.7082873209126825e-01, 8.0131334686636191e-01,
       9.5398993332688120e-01, 8.0121972235630545e-01,
       6.8962292010316883e-01, 8.3460511169090579e-01,
       5.9197254983529846e-01, 9.3031024077466562e-01,
       1.1305793171008791e+00, 1.1300166299242642e+00,
       9.3705613267070520e-01, 1.0917752943432013e+00,
       9.2957927007798580e-01, 3.2024543526586419e-01,
       3.0914340206698943e-01, 1.0972307725797290e+00,
       1.0393635133201984e+00, 7.5198859592319922e-01,
       6.7341386158216621e-01, 1.4357794453782118e+00,
       7.7338190689507658e-01, 1.1347234147354530e+00,
       9.8118276685996597e-01, 9.4210744464803708e-01,
       1.0307585914894140e+00, 1.3750534504502003e+00,
       1.4232444522398968e+00, 2.3383849008376196e+00,
       2.0041711985537369e+00, 1.1335565175742888e+00,
       1.2996813478571878e+00, 1.3919691119410726e+00,
       1.0929104948653798e+00, 7.2731385919152514e-01,
       6.5764498751070044e-01, 1.4872178906837512e+00,
       1.6828475220518455e+00, 1.4555959557392488e+00,
       1.2754094783381202e+00, 8.1863331620385171e-01,
       9.3619792617608777e-01, 1.5745445171525707e+00,
       1.4849440236874059e+00, 1.0667984053235922e+00,
       1.1069353862398990e+00, 1.2647210453157480e+00,
       1.5422838573838686e+00, 1.3202619032179757e+00,
       1.4672726314679307e+00, 9.3579552604100302e-01,
       9.2998266374820826e-01, 1.3606708801797733e+00,
       1.3183404314191749e+00, 1.9339448338466214e+00,
       1.7666426901758292e+00, 1.4035561139157948e+00,
       1.3207967838749912e+00, 1.6614282759731542e+00,
       1.7876508220806093e+00, 8.6279607765044530e-01,
       1.0407090482166590e+00, 1.3390358061923435e+00,
       1.2347549975335086e+00, 1.4553224057644953e+00,
       1.4024435100108761e+00, 1.1069271493090802e+00,
       1.1216997974186926e+00, 1.1133305085667118e+00,
       1.2028695839570724e+00, 1.0505613707713672e+00,
       1.4975535819036245e+00, 2.2291374413178633e+00,
       1.7451524037009130e+00, 1.6315386767019660e+00,
       1.3701067261083268e+00, 0., 0., 1.3278198004792978e+00,
       1.4063213271932797e+00, 1.1644232302684416e+00,
       1.2417589477850051e+00, 1.4583112981954729e+00,
       1.3680710997541143e+00, 4.6824912038024979e-01,
       5.1404209114166244e-01, 5.4197289339010557e-01,
       4.3143636750208808e-01, 7.0997392880001597e-01,
       6.8980334326351567e-01, 2.0446128248213395e+00,
       1.4746848364465490e+00, 4.4340865238071753e-01,
       7.2839584993011464e-01, 8.2987268342934994e-01,
       7.5076408606834699e-01, 2.0375104793613941e-01,
       3.6159165445096303e-01, 9.9264123817470429e-01,
       1.0163686136795127e+00, 1.0183935401835940e+00,
       1.0908806322477111e+00, 5.7214714137633194e-01,
       6.0539337815282646e-01, 7.9947085522734551e-01,
       9.1886415200214688e-01, 2.3473840298396526e-01,
       4.9130465693612213e-01, 7.0176077390173597e-01,
       7.5267584525772058e-01, 9.5810142664216835e-01,
       1.0742807049440835e+00, 8.0219501234414048e-01,
       6.5328823979277439e-01, 1.0053207421545798e+00,
       8.8681232675889177e-01, 7.0352610618129385e-01,
       9.8379012821364487e-01, 1.3072649693092788e+00,
       1.1445624132450658e+00, 8.2158725650088416e-01,
       1.1329251152263358e+00, 7.1552933211282255e-01,
       9.2762860221162924e-01, 9.0588869634252922e-01,
       7.6879145270204696e-01, 1.2024474985549349e+00,
       1.2120091255530498e+00, 6.3428714872549474e-01,
       5.8760654562387182e-01, 8.1278675409163703e-01,
       8.3777081817031285e-01, 3.6077169241782275e-01,
       6.1695946494718379e-01, 2.0041614478111938e+00,
       1.2891467139741202e+00, 1.2773823202456729e+00,
       1.0275840419034075e+00, 2.4273084610012574e-01,
       2.5097209627396849e-01, 7.6713652896655715e-01,
       6.5696287702185507e-01, 9.9838776125881756e-01,
       1.0187280236996503e+00, 8.4894943657625921e-01,
       9.5415849567091993e-01, 4.6824912038024979e-01,
       5.5494846964235856e-01, 5.4197289339010557e-01,
       4.7234274600278414e-01, 7.1762612385829194e-01,
       6.8980334326351567e-01, 1.1153124373516659e+00,
       1.3596403667482329e+00, 4.4340865238071753e-01,
       7.2839584993011464e-01, 9.6460282963683386e-01,
       9.4112598361200572e-01, 2.3707727279923338e-01,
       4.0249803295165903e-01, 1.1793366347327074e+00,
       1.0868597000565379e+00, 1.5367934651418207e+00,
       1.4573536336692188e+00, 5.4970490897948754e-01,
       5.8193104428339826e-01, 7.9947085522734551e-01,
       9.4116480568573591e-01, 2.2873914578791843e-01,
       4.9130465693612213e-01, 6.9857018384989655e-01,
       8.8033749057931021e-01, 1.0343535031061304e+00,
       1.1151870834447795e+00, 7.7975277994729597e-01,
       6.5328823979277439e-01, 1.1941128050677283e+00,
       1.1599285696380282e+00, 9.8738059548073620e-01,
       9.0108212731665804e-01, 1.4664973869062756e+00,
       1.3310633384893769e+00, 1.1854173807242057e+00,
       1.3830887612032881e+00, 9.2867122467015628e-01,
       1.0984764301923584e+00, 9.0588869634252922e-01,
       7.6879145270204696e-01, 1.2024474985549349e+00,
       1.2453353504161437e+00, 6.3428714872549474e-01,
       5.8760654562387182e-01, 8.1278675409163703e-01,
       8.3777081817031285e-01, 3.3832946002097830e-01,
       6.1695946494718379e-01, 1.3781130332371267e+00,
       1.2194330652573362e+00, 1.2773823202456729e+00,
       1.0275840419034075e+00, 3.9754014164820850e-01,
       5.0014604367166227e-01, 7.6713652896655715e-01,
       6.5696287702185507e-01, 9.7398276664693428e-01,
       1.0187280236996503e+00, 8.8107156206270953e-01,
       9.5415849567091993e-01, 2.2319415495970091e-01,
       5.9767823208490467e-01, 3.9824048371686060e-01,
       1.8242762228683632e-01, 2.6796312295272323e-01,
       5.1522151910400538e-01, 8.3873549568217431e-01,
       9.0792135377388539e-01, 1.3152190817537684e-01,
       3.4707080533464052e-01, 5.0361479650349661e-01,
       3.9793890837033058e-01, 1.6983957537902053e-01,
       3.2929863305472806e-01, 8.6901039644741696e-01,
       8.8804406341351361e-01, 9.0139692728360976e-01,
       9.1032608231092593e-01, 5.1103428151762520e-01,
       2.6907504157963835e-01, 4.5535838333591333e-01,
       4.3017807863828839e-01, 3.9329551420506337e-01,
       4.6929513912946913e-01, 4.1792335375792322e-01,
       4.5419110795144968e-01, 2.2385623535884944e-01,
       5.3533365178654990e-01, 4.7097113535591528e-01,
       1.8418485438816151e-01, 4.9208591872457424e-01,
       7.0128882865621522e-01, 7.9431238222639788e-01,
       9.0737780338240903e-01, 8.1565416184627682e-01,
       8.5088823327369090e-01, 4.5703049479289265e-01,
       5.7275190284024302e-01, 6.5890327770336832e-01,
       8.3369425357694626e-01, 2.4272426716299661e-01,
       4.4066547100097170e-01, 4.0347431445681126e-01,
       6.5350598587790765e-01, 3.6079425292512607e-01,
       3.2074755769308022e-01, 3.2572254910396581e-01,
       4.2802442855291961e-01, 1.2391678095093886e-01,
       2.8068441153137025e-01, 7.3234744014063335e-01,
       9.0097469510766992e-01, 5.6384597380709112e-01,
       3.9190905340868787e-01, 2.7649753304245628e-01,
       3.4636254525615912e-01, 4.0085739908683593e-01,
       2.8066796060170623e-01, 2.7003415325175734e-01,
       3.7713461588558689e-01, 2.4860163727768417e-01,
       5.6159310567671361e-01, 7.9190930908684481e-02,
       1.0528870927171488e-01, 1.9864643305181157e-01,
       1.3438705287801914e-01, 7.1145331800544748e-02,
       5.0302900395481590e-02, 3.8357673919439694e-01,
       4.3702820002502807e-01, 7.0110505782992313e-02,
       1.2853592726881924e-01, 2.8359677314738796e-01,
       2.0940535430198823e-01, 3.3326224863093966e-02,
       7.5961631392192197e-02, 2.0864817397789387e-01,
       1.8854647741796712e-01, 5.2059809270406732e-01,
       5.4880703400777531e-01, 6.9182569585505949e-02, 0.,
       5.9623237488078976e-02, 4.8035569482487793e-02,
       1.3941198178894668e-01, 1.0534721528849797e-01,
       2.7817785461380856e-01, 2.3570132331047738e-01,
       2.8466990438875900e-01, 1.8112739006668069e-01,
       3.5055252891496157e-02, 8.1795590080157701e-02,
       1.6818810187109812e-01, 1.6362454105163662e-01,
       2.1774252338533379e-01, 9.5958763797768354e-02,
       3.4268067139556407e-01, 3.2747834243975360e-01,
       3.5758094475253849e-01, 4.5186445767567035e-01,
       4.2615129650794020e-01, 4.3844236300096312e-01,
       1.5198718529283012e-01, 1.7535735388716089e-01,
       1.1685084297165385e-01, 2.6702791080640170e-01,
       1.5190609586315001e-01, 1.0516575867448846e-01,
       1.6359118016031540e-01, 1.1685084297165385e-01,
       5.7497485288340568e-02, 0., 2.9880412228647002e-01,
       3.8503543533837581e-01, 3.5951617885141807e-01,
       1.5190609586315001e-01, 3.2130799672235566e-01,
       2.5196203678856532e-01, 7.0110505782992313e-02, 0.,
       2.5810668055519093e-01, 1.8696134875464618e-01,
       6.0790168690394927e-02, 1.6359118016031540e-01,
       2.7165980994194597e-02, 2.9327077879522691e-02, 0., 0.,
       5.6462184282042437e-02, 2.4567984596582819e-02,
       2.3719206507479815e-01, 4.8261450774423273e-02, 0., 0.,
       2.8608130759912498e-01, 4.1898328524345085e-01, 0., 0.,
       2.7144584708301067e-01, 3.3772568457482377e-01,
       3.2482568543538881e-01, 3.4200613967883314e-01,
       2.2442232396844411e-02, 2.3462333869428253e-02,
       2.4567984596582819e-02, 2.2300653683589022e-02,
       2.5808567256371078e-02, 2.7157861240624460e-02,
       7.6099369901903968e-02, 1.3756383430996205e-01,
       7.2252929480390735e-02, 2.4517212236780293e-02,
       2.2442232396844418e-02, 0., 2.1222249115050140e-01,
       1.7873909757963952e-01, 1.9275452789603134e-01,
       3.3917194224438084e-02, 5.9311274274428161e-01,
       4.2651415730377223e-01, 3.1053076275605768e-01,
       2.3441991982360683e-01, 4.2433826061551377e-01,
       4.4245637315241376e-01, 2.3451258024010876e-02,
       5.7629080197692015e-02, 0., 0., 0., 0., 0.,
       2.4517212236780293e-02, 2.2442232396844411e-02, 0.,
       3.3854236291873951e-01, 3.3021975863371228e-01,
       2.4517212236780293e-02, 0., 7.7294706382344314e-02,
       1.6096994685584398e-01, 0., 0., 2.4404994611883210e-02, 0., 0.,
       0., 2.0323847703014958e-01, 1.6891460388981716e-01,
       2.3370168594330773e-01, 1.7445019903972903e-01,
       1.7054885005560508e-01, 1.2542129944868763e-01,
       3.9062112946336758e-01, 5.2163449222425395e-01,
       1.8028415772769449e-01, 1.6859907343052913e-01,
       9.2461398077674317e-01, 7.8547273178688370e-01,
       7.5118399053206025e-02, 1.6140478883803544e-01,
       7.3540161673293425e-01, 8.5117212774393569e-01,
       1.2925126460845719e+00, 1.2286028117262020e+00,
       6.9182569585505949e-02, 0., 1.6202481896447621e-01,
       1.6321711469740369e-01, 1.7334345152124475e-01,
       1.7256822269083233e-01, 2.5906625108213183e-01,
       3.8966217012053489e-01, 4.3412420751209113e-01,
       3.1432389505928099e-01, 7.5118399053206039e-02,
       8.1795590080157701e-02, 1.1060515642124245e+00,
       1.0006363770631244e+00, 8.6798377848222674e-01,
       6.8802551508341625e-01, 1.5557038677939594e+00,
       1.2760108627740347e+00, 8.4851008012534934e-01,
       9.1625310572280505e-01, 6.1161832187954479e-01,
       8.8223928384630745e-01, 2.4371747248373515e-01,
       3.3632071614324321e-01, 3.1215868050998952e-01,
       3.4387533788800989e-01, 1.8696134875464615e-01,
       1.4022101156598463e-01, 1.6359118016031540e-01,
       2.1648645426164018e-01, 9.7560631450050450e-02,
       3.5055252891496150e-02, 4.5917928926364038e-01,
       4.6248802264483480e-01, 4.4986540047977502e-01,
       3.1693378242232706e-01, 4.1540666994851660e-01,
       3.5671957811848143e-01, 1.8529205099790824e-01,
       7.5118399053206025e-02, 2.9816982671690079e-01,
       2.5707185453763848e-01, 2.1430446710153617e-01,
       2.5529067571761965e-01, 5.4213759794087421e-02,
       2.1228506176021544e-01, 0., 0., 5.1688177035074410e-02,
       5.0302900395481590e-02, 0., 0., 0., 0., 3.2151470650102217e-02,
       1.0621612745449764e-01, 3.3326224863093966e-02,
       5.0387904554347079e-02, 2.5254026005528363e-01,
       2.5584911904666985e-01, 1.6304681666529947e-01,
       2.6856876901753152e-01, 2.2442232396844411e-02, 0.,
       5.1851167019774019e-02, 2.5734915798898771e-02,
       1.1078415794763606e-01, 9.7666936994515563e-02,
       1.1783410289257143e-01, 1.2681670029841435e-01,
       1.0557915434348469e-01, 2.4517212236780293e-02,
       2.2442232396844418e-02, 0., 1.3380084564520148e-01,
       1.6332201992033449e-01, 1.6853718865263825e-01,
       1.1863375231904097e-01, 1.9583997032723210e-01,
       1.6058808435334357e-01, 1.7708178878184472e-01,
       8.0831193015098043e-02, 8.8325440909116773e-02,
       1.2292722082971741e-01, 0., 3.4177822173681142e-02, 0.,
       3.3326224863093966e-02, 0., 0., 0., 2.4517212236780293e-02,
       2.2442232396844411e-02, 0., 2.2147703884464597e-02,
       4.2606595739687898e-02, 1.7504843177078649e-01,
       2.5173010173618959e-02, 2.7649753304245628e-01,
       3.0155208157625973e-01, 0., 0., 2.4404994611883210e-02, 0.,
       7.2008689670383694e-02, 2.1588989774311920e-02,
       8.3179323170609928e-02, 6.4469126957088438e-02, 0.,
       4.0906378500696033e-02, 5.1688177035074410e-02,
       5.0302900395481590e-02, 3.5684268733664759e-01,
       2.9825656642333659e-01, 0., 0., 2.6851004828675701e-01,
       2.2101980456346815e-01, 3.3326224863093966e-02,
       9.1294283055043113e-02, 2.8275872091072873e-01,
       3.7896963235865472e-01, 5.1523826165907327e-01,
       5.5709611052444019e-01, 2.2442232396844411e-02,
       2.3462333869428253e-02, 5.1851167019774019e-02,
       2.5734915798898771e-02, 8.2301175805961968e-02,
       5.0709486448964738e-02, 2.1330917381438785e-01,
       1.1215090469020386e-01, 5.7999356033736155e-02,
       9.3976591169876569e-02, 2.2442232396844418e-02, 0.,
       3.3313617852191285e-01, 2.7313547729281112e-01,
       3.4304224439198072e-01, 3.7694185691989079e-01,
       4.9505172576947321e-01, 4.4074539499848436e-01,
       3.3108915600616973e-01, 4.0443720613335421e-01,
       3.7325518746151465e-01, 3.5724062507591869e-01,
       2.3451258024010876e-02, 2.3451258024010876e-02, 0.,
       3.3326224863093966e-02, 0., 0., 0., 2.4517212236780293e-02,
       2.2442232396844411e-02, 0., 3.6010944240068909e-01,
       2.3965663912519466e-01, 1.7504843177078649e-01,
       4.9846141344261151e-02, 3.9754014164820850e-01,
       4.0594212042425942e-01, 0., 0., 2.4404994611883210e-02, 0.,
       1.0413081515683396e-01, 2.1588989774311920e-02,
       8.9548617407842412e-01, 7.2034623286276800e-01,
       6.7556868111968715e-01, 7.1951166247245579e-01,
       7.8888803451712786e-01, 8.8459732422396775e-01, 0., 0.,
       8.0032151713827349e-01, 6.5141179025049323e-01,
       1.5259311008842782e+00, 1.4137730441422915e+00,
       6.7207058133339570e-01, 5.1201068738334754e-01,
       9.9250734839825072e-01, 1.2047946265234006e+00,
       1.5605730520804231e+00, 1.7678022477905388e+00,
       3.8911784570949393e-01, 3.5426688189268951e-01,
       9.0204322799820547e-01, 7.7279439465968258e-01,
       1.1085452325247267e+00, 9.1736543301025564e-01,
       8.9214093984626230e-01, 1.1063269706142822e+00,
       6.4765745346656045e-01, 6.1932179034733792e-01,
       2.7623218457883664e-01, 2.7669442395543375e-01,
       1.5362791401335931e+00, 1.4747903509699098e+00,
       1.2706600517100550e+00, 1.4545346488053308e+00,
       1.4198888829370182e+00, 1.3788158332763110e+00,
       1.6424285965287160e+00, 1.7309227874714430e+00,
       1.0526926293029495e+00, 1.1233137653033416e+00,
       5.7177991308874099e-01, 7.4807039147095677e-01,
       4.4818274474789610e-01, 4.5412369975075212e-01,
       5.8782154579850143e-01, 6.0921165084802698e-01,
       3.8067004679849464e-01, 4.8925158931352614e-01,
       7.9235820307380855e-01, 9.1564936984793699e-01, 0., 0.,
       5.9305610440952194e-01, 5.3272338093771565e-01,
       5.4506868204902126e-01, 4.6292690048249269e-01,
       7.9605425521278639e-01, 8.2447684922463071e-01,
       2.3050360978321729e-01, 2.9314142986834679e-01,
       9.4074605782305731e-01, 5.6726423557652028e-01,
       1.2991966035927147e-01, 2.0258769185520692e-01,
       2.4963589180307871e-01, 2.3636597038055338e-01,
       1.5419198022197111e-01, 5.0302900395481590e-02, 0., 0.,
       7.0110505782992313e-02, 1.7952538602008639e-01,
       7.6966561730635874e-01, 7.7000089178722453e-01,
       3.3326224863093966e-02, 1.7733899469780640e-01,
       9.7124838149591619e-01, 1.0994230222906078e+00,
       1.2983804761597459e+00, 1.3877792486362399e+00,
       6.9182569585505949e-02, 2.3462333869428253e-02,
       5.9623237488078976e-02, 4.8035569482487793e-02,
       1.3941198178894668e-01, 1.3250507652912244e-01,
       4.4382401858574139e-01, 5.2025832202364786e-01,
       4.1132195306193547e-01, 3.3617652023839545e-01,
       5.7497485288340575e-02, 1.3278504883142483e-01,
       9.7988133084995444e-01, 8.3693059704677875e-01,
       7.2824586128982505e-01, 6.2071777239306869e-01,
       1.1919018554941434e+00, 1.1719034224730509e+00,
       1.0179932776974789e+00, 1.0710557446003970e+00,
       7.6659606834338823e-01, 9.4521712559997284e-01,
       2.0297664404409727e-01, 3.1151409356337628e-01,
       1.6784030172292097e-01, 3.6900682830893600e-01,
       1.5190609586315001e-01, 1.0516575867448846e-01,
       1.6359118016031540e-01, 1.9235751395970127e-01,
       5.7497485288340568e-02, 0., 4.2913104645876367e-02, 0.,
       3.0317805654873070e-01, 2.0175223720741117e-01,
       6.1148931577109356e-01, 5.0014604367166227e-01,
       7.0110505782992313e-02, 0., 3.0909613930645807e-01,
       2.3795080750591333e-01, 1.1450128395115711e-01,
       1.8518016993462733e-01, 1.3340469070277189e-01,
       9.3796204836611136e-02, 9.3480674377323089e-02,
       1.3438705287801914e-01, 7.8797526858820771e-02,
       2.4567984596582819e-02, 1.2476645465781276e-01,
       4.6854689637238839e-01, 0., 9.3480674377323089e-02,
       5.2885196382049648e-01, 2.1039968984877905e-01,
       3.3326224863093966e-02, 6.2495368275007956e-02,
       3.7935166723378089e-01, 3.5414387594204905e-01,
       4.7391618657154078e-01, 4.5927700058950732e-01,
       6.9182569585505949e-02, 2.3462333869428253e-02,
       2.4567984596582819e-02, 2.2300653683589022e-02,
       9.7233688542205626e-02, 4.6740337188661545e-02,
       1.8269754286931586e-01, 2.1385249286723748e-01,
       2.7428778266790504e-01, 4.0906378500696033e-02,
       2.2442232396844418e-02, 4.6740337188661545e-02,
       5.0127889280498683e-01, 5.4776821333854231e-01,
       2.4961621264426143e-01, 2.0428385870788690e-01,
       3.6231243871148772e-01, 3.9309618082058834e-01,
       2.6840249526273896e-01, 5.6023307117134502e-01,
       4.5422874118730483e-01, 5.2498009626873132e-01,
       1.1693193240133395e-01, 1.0436941738635355e-01,
       4.6740337188661545e-02, 2.6702791080640170e-01,
       4.6740337188661545e-02, 0., 9.3480674377323089e-02,
       4.6740337188661545e-02, 2.2442232396844411e-02, 0.,
       1.8303324375670896e-01, 4.1228857739461788e-01,
       2.3504824397487281e-01, 7.1413468359303733e-02,
       1.9323012295912670e-01, 7.0486048271959173e-02, 0., 0.,
       9.3480674377323089e-02, 4.6740337188661545e-02,
       2.4684784097172997e-02, 9.3480674377323089e-02,
       6.3101605057717947e-02, 6.4382330771018847e-02,
       1.0516575867448846e-01, 0., 0., 0., 4.7146086275784305e-01,
       6.3788519572569258e-01, 7.0110505782992313e-02,
       3.5055252891496157e-02, 7.9986621080076092e-02,
       3.3196191928849139e-01, 0., 3.5055252891496157e-02,
       6.1865209796823611e-02, 2.0214294353182111e-01,
       1.3012931929804306e-01, 2.2530026818402996e-01, 0., 0.,
       3.5055252891496157e-02, 0., 3.5055252891496157e-02,
       3.5055252891496157e-02, 9.9704136786906095e-02,
       1.0868673419274899e-01, 6.4382330771018847e-02,
       1.4022101156598463e-01, 3.5055252891496157e-02,
       3.5055252891496157e-02, 2.5107640598489844e-01,
       9.0089067712201085e-02, 1.6223175068488610e-01,
       1.5738963545343757e-01, 3.9287342890895194e-01,
       3.0733952357672589e-01, 1.9602685289280491e-01,
       1.7833186063812118e-01, 1.5111837646158227e-01,
       3.3335702785200666e-01, 3.5055252891496157e-02,
       1.0516575867448846e-01, 7.0110505782992313e-02, 0.,
       1.0516575867448846e-01, 1.0516575867448846e-01,
       7.0110505782992313e-02, 7.0110505782992313e-02,
       3.5055252891496157e-02, 0., 4.8597958903379368e-01,
       5.3327160771460047e-01, 7.0110505782992313e-02,
       1.0516575867448846e-01, 1.2954403350210300e-01,
       3.3266905082789462e-02, 7.0110505782992313e-02, 0.,
       1.4022101156598463e-01, 1.4022101156598463e-01,
       3.5055252891496157e-02, 7.0110505782992313e-02,
       1.1097680879779375e+00, 1.0885455251708906e+00,
       1.0890056472409733e+00, 1.0174042094355107e+00,
       1.3603703029316982e+00, 1.4232444522398968e+00,
       2.5880626265544371e+00, 2.1753843713759804e+00,
       1.1335565175742888e+00, 1.2462638196415750e+00,
       1.7618980153688204e+00, 1.3110062589596272e+00,
       7.6737700535323505e-01, 7.3777127983412027e-01,
       1.6125432254172356e+00, 1.7476499767452136e+00,
       1.6331579777303158e+00, 1.7394104145409746e+00,
       8.9208241750031991e-01, 9.5966026004551597e-01,
       1.5745445171525707e+00, 1.5027065161655266e+00,
       1.1743113955857234e+00, 1.2204476336980770e+00,
       1.1794956926477169e+00, 1.4168129785493431e+00,
       1.1440366227455170e+00, 1.5073357776296405e+00,
       1.0159218183644230e+00, 8.8324232655954671e-01,
       1.3264339948468264e+00, 1.5791932717512118e+00,
       2.1979695655071589e+00, 2.0482159458513611e+00,
       1.3369555708044971e+00, 1.1811309392112068e+00,
       1.9656945457777790e+00, 2.0862527444388048e+00,
       8.3007984248098088e-01, 8.9026536024135217e-01,
       1.2690063898390311e+00, 1.2515290645305677e+00,
       1.4085820685758337e+00, 1.2889312625526981e+00,
       1.1403131044438384e+00, 1.1617629435804024e+00,
       1.0999761265128087e+00, 1.1561292467684108e+00,
       1.0906245169330770e+00, 1.4975535819036245e+00,
       2.3176433077774030e+00, 1.9692228749471576e+00,
       1.4445773279473200e+00, 1.3233663889196654e+00,
       3.4737866976558389e-02, 3.7219143189169704e-02,
       1.4480092389644275e+00, 1.4063213271932797e+00,
       1.0709425558911185e+00, 1.1950186105963434e+00,
       1.5705597160053431e+00, 1.3146535715385010e+00,
       1.1008802427143070e+00, 1.1121082736272829e+00,
       1.0890056472409733e+00, 1.0174042094355107e+00,
       1.3800012902966134e+00, 1.4489793680387955e+00,
       1.4952958417068019e+00, 1.6229812576286040e+00,
       1.1335565175742888e+00, 1.2462638196415750e+00,
       1.4731765151840945e+00, 1.3011230860856760e+00,
       7.6737700535323505e-01, 7.8815918438846733e-01,
       1.1508642645577805e+00, 1.6546822569102964e+00,
       1.3878382072170274e+00, 1.4493228201207233e+00,
       9.1452464989716442e-01, 9.5966026004551597e-01,
       1.6018276995757621e+00, 1.5284414319644255e+00,
       1.1731876124265255e+00, 1.2439992589064173e+00,
       1.1851987761435532e+00, 1.4699981975465044e+00,
       1.1687097539161591e+00, 1.5073357776296405e+00,
       1.0159218183644230e+00, 8.8324232655954671e-01,
       1.1221392486880855e+00, 1.1644630391601885e+00,
       1.9997455113053397e+00, 1.8695364969929993e+00,
       1.3163783302860623e+00, 1.1089912770084853e+00,
       1.7820121089785346e+00, 1.7261116027239265e+00,
       6.8573809768583127e-01, 8.1574038015054029e-01,
       1.2455551318150202e+00, 1.2280778065065570e+00,
       1.4085820685758337e+00, 1.2889312625526981e+00,
       1.1403131044438384e+00, 1.1617629435804024e+00,
       1.0999761265128087e+00, 1.1561292467684108e+00,
       1.1130667493299213e+00, 1.4975535819036245e+00,
       1.8118295839306140e+00, 1.5152674978354175e+00,
       1.4926642231675467e+00, 1.3732125302639264e+00,
       1.9070140176376130e-01, 2.3106603330430053e-01,
       1.4480092389644275e+00, 1.4063213271932797e+00,
       1.0953475505030019e+00, 1.1950186105963434e+00,
       1.6104462801892765e+00, 1.3362425613128128e+00, 0., 0., 0., 0.,
       2.7283182423191200e-02, 0., 7.5171480332091450e-02, 0., 0., 0.,
       1.2413356350382808e-01, 8.8012847028559299e-02, 0., 0.,
       5.2787367953473552e-02, 1.5413491968011481e-01,
       9.0789713804617603e-02, 1.7974525738982539e-01, 0., 0.,
       2.7283182423191200e-02, 0., 0., 0., 0., 0.,
       4.2925851600868044e-02, 2.4517212236780293e-02, 0., 0.,
       4.3493292099185110e-01, 4.5051328933892199e-01,
       6.4018385979787290e-02, 3.3917194224438084e-02,
       4.7686446840926966e-01, 5.8108037782093425e-01,
       7.6630149515466428e-02, 1.6179563730130470e-01,
       3.9450556152935407e-01, 3.8924519614203629e-01, 0., 0., 0., 0.,
       0., 0., 0., 2.4517212236780293e-02, 0., 0., 0., 0.,
       2.4517212236780293e-02, 0., 0., 1.1279055487970424e-01, 0., 0.,
       0., 0., 3.2122125486450270e-02, 0., 3.2450593720022937e-02, 0.,
       0., 0., 0., 0., 0., 3.2086847676579794e-02, 0., 0.,
       7.6807782915751216e-02, 1.1673080873635519e-01, 0., 0.,
       4.6892329292452434e-02, 4.8387801978558201e-02, 0.,
       2.5139415367763297e-02, 0., 2.3462333869428253e-02, 0., 0., 0.,
       0., 0., 0., 2.4673131170642192e-02, 0., 0., 0.,
       2.7301368436746659e-02, 0., 0., 2.9493641036195197e-02,
       2.7221277949019973e-01, 2.5183885518613913e-01,
       7.5518095990958364e-02, 1.8475516365809869e-01,
       1.1658462724077273e-01, 2.3353453338305535e-01,
       2.3451258024010876e-02, 2.3451258024010876e-02, 0., 0., 0., 0.,
       0., 0., 0., 0., 0., 0., 2.6497905445914693e-02,
       2.4673131170642192e-02, 6.4949671828303232e-02,
       3.3266905082789462e-02, 0., 0., 0., 0., 0., 0., 0., 0., 0., 0.,
       0., 0., 0., 0., 0., 0., 4.4395327773080984e-01,
       5.6289927160141906e-01, 0., 0., 0., 0., 2.4109682981977032e-01,
       4.9838852797477207e-01, 0., 0., 0., 2.2300653683589022e-02,
       3.1807824452417893e-02, 2.7157861240624460e-02,
       5.4721975357160342e-02, 5.8965685693042350e-02, 0., 0., 0., 0.,
       7.1939781251351997e-01, 6.3669675766296563e-01, 0., 0.,
       2.3577826344215713e-01, 3.5942186325792413e-01,
       1.4275289574818525e-01, 2.6813267647650280e-01,
       3.1913464002830599e-01, 3.8059615012510306e-01, 0., 0., 0., 0.,
       0., 0., 0., 0., 0., 0., 5.0855831990207927e-02, 0., 0., 0., 0.,
       0., 0., 0., 0., 0., 0., 0., 0., 0., 0., 0., 0., 0., 0., 0., 0.,
       0., 4.2041669433038309e-01, 5.4286886703890658e-01, 0., 0., 0.,
       3.2084363185515496e-02, 2.4109682981977032e-01,
       4.9838852797477207e-01, 0., 0., 0., 0., 0., 0., 0., 0., 0.,
       2.4517212236780293e-02, 0., 0., 6.9099941166288403e-01,
       6.0662786264464530e-01, 0., 3.3917194224438084e-02,
       2.3577826344215713e-01, 3.3452058646241556e-01,
       9.8676865315630802e-02, 2.4801877438825670e-01,
       3.1913464002830599e-01, 3.8059615012510306e-01, 0., 0., 0., 0.,
       0., 0., 0., 2.4517212236780293e-02, 0., 0., 0., 0.,
       2.4517212236780293e-02, 0., 0., 0., 0., 0., 0., 0., 0., 0.,
       5.7816992331889611e-02, 0., 0., 0., 3.2057189670159227e-02, 0.,
       1.2963114785412833e+00, 8.4536772623783096e-01, 0., 0.,
       7.3635847693309345e-02, 2.0030404562512535e-02, 0., 0.,
       1.5586183105762924e-01, 2.2116781584370176e-01,
       1.4540269851448068e-01, 1.3281366211832629e-01, 0., 0., 0., 0.,
       3.1807824452417893e-02, 2.7157861240624460e-02,
       9.5475070921816452e-02, 1.3259716699429519e-01, 0.,
       2.8553000432400239e-02, 0., 0., 4.0962575798636866e-02, 0.,
       2.1424579701761023e-01, 2.6100491320286923e-01,
       4.6118704220842896e-02, 1.0832884602074994e-01,
       1.0403604656564303e-01, 4.7740341798352556e-02,
       9.3778270132353320e-02, 9.0630683822819524e-02, 0., 0., 0., 0.,
       0., 0., 0., 0., 0., 0., 6.3277782537894045e-01,
       4.8172255716635104e-01, 0., 0., 4.2556839405785932e-02, 0., 0.,
       0., 0., 0., 3.2122125486450270e-02, 0., 3.9609451403461937e-01,
       3.1628925157686549e-01, 3.5327669642827880e-01,
       3.0592193123945854e-01, 3.3868737921037712e-01,
       3.3868737921037712e-01, 7.1641595869093844e-01,
       7.4961357086970970e-01, 3.1208549218741394e-01,
       2.0941899409426060e-01, 3.0933884362721692e-01,
       6.4278102688207814e-02, 2.0941291493057954e-01,
       2.9261490856429595e-01, 1.4066793760624161e-01,
       1.9227422543805789e-01, 4.3821802987712022e-01,
       4.6378824387858625e-01, 3.4597291907380634e-01, 0.,
       3.8183230584606470e-01, 4.0859450849629303e-01,
       5.2877786781774172e-01, 4.7232591850689143e-01,
       4.2188937284409356e-01, 3.5724603932258869e-01,
       1.3966002210824771e-01, 3.0900979087711727e-01,
       2.3616903841712672e-01, 9.9596875946537794e-02,
       1.8368553576946911e-01, 4.9597476791333667e-01,
       3.3874320857383211e-01, 4.9618719583746085e-01,
       2.5201319239212500e-01, 4.6250556992155641e-02,
       3.1915264186204823e-01, 6.5069126516019338e-01,
       2.0827862042100143e-01, 2.1743080046633145e-01,
       2.1248861624087612e-01, 2.5255176240258603e-01,
       5.6445870147169161e-02, 1.7663530863229887e-01,
       4.1881367153379695e-01, 1.5296704478341036e-01,
       1.3657824163427001e-01, 1.6933761044150747e-01,
       4.6504037864346220e-01, 3.2538035653521447e-01,
       5.7880730519051637e-01, 7.1140203022273807e-01,
       2.2579563891603879e-01, 2.8224758822688900e-01, 0., 0.,
       3.4599115656484952e-01, 3.9514540768490841e-01,
       5.6451949310850229e-02, 1.5603666693002588e-01,
       2.4946390276492725e-01, 3.2229857606123680e-01,
       1.1512238124407705e+00, 1.0534902722793944e+00,
       1.0773205629438081e+00, 1.1108848838128338e+00,
       1.4023366328733917e+00, 1.4232444522398968e+00,
       2.2429319527750269e+00, 1.8237440341444706e+00,
       1.0634460117912965e+00, 1.3046892411274016e+00,
       1.2661373099978028e+00, 8.9715746912560002e-01,
       7.6737700535323505e-01, 7.0271602694262414e-01,
       1.6388428775279800e+00, 1.8589151718318331e+00,
       1.0813008361425269e+00, 1.1392199360676996e+00,
       9.3882275468898158e-01, 9.3619792617608777e-01,
       1.5667724466842659e+00, 1.5027065161655266e+00,
       1.2424890884324795e+00, 1.2592905792358666e+00,
       1.2697289385859616e+00, 1.5809444229168734e+00,
       1.3635417013801769e+00, 1.3956677664960560e+00,
       9.8086656547292683e-01, 8.9492741085671212e-01,
       1.1804126887769115e+00, 1.1619224661308440e+00,
       2.1125564903227509e+00, 2.0452652817442853e+00,
       5.8934379734333409e-01, 5.8165009870678186e-01,
       1.4531826532183292e+00, 1.7845841701319116e+00, 0.,
       2.9954956414659426e-02, 1.3039805533008473e+00,
       1.2038302071944111e+00, 1.3852118999815028e+00,
       1.5226329484960059e+00, 1.0818876829580115e+00,
       1.0565971849059141e+00, 1.1233462951071393e+00,
       1.1327590781740802e+00, 1.0555692640415810e+00,
       1.4975535819036245e+00, 2.2144339985500610e+00,
       1.5326383916150668e+00, 1.5879260763648884e+00,
       1.2896140986044808e+00, 0., 0., 1.3778987331814352e+00,
       1.4063213271932797e+00, 1.0242022187024571e+00,
       1.1015379362190203e+00, 1.5601892472110197e+00,
       1.3380237401328317e+00, 9.0267586051912541e-02,
       7.0233456380218717e-02, 0., 4.0906378500696033e-02,
       8.3745366705233637e-02, 2.4567984596582819e-02,
       2.1841051169231535e-01, 2.0757294466893331e-01, 0., 0.,
       2.7860623665093848e-01, 1.3065694018858448e-01,
       3.3326224863093966e-02, 6.2495368275007956e-02,
       2.8447391132558869e-01, 2.5971850567174709e-01,
       3.0888733917023892e-01, 2.4865754384752400e-01,
       2.2442232396844411e-02, 2.3462333869428253e-02,
       5.1851167019774019e-02, 2.2300653683589022e-02,
       5.0493351353544075e-02, 2.3551625208340275e-02,
       1.4074825379731387e-01, 1.2681670029841435e-01,
       1.3025228551412688e-01, 4.0906378500696033e-02, 0., 0.,
       1.9555536867983053e-01, 4.4493650903623266e-01,
       2.4333598647155666e-01, 2.7546323970898445e-01,
       1.7566128295201772e-01, 2.4210778356021984e-01,
       4.1977940381212897e-01, 2.4824080140171495e-01, 0., 0.,
       2.3451258024010876e-02, 2.3451258024010876e-02, 0.,
       3.3326224863093966e-02, 0., 0., 0., 0., 2.2442232396844411e-02,
       0., 1.5206902974295433e-01, 7.1484758648609717e-02,
       4.8086895220226612e-02, 2.4673131170642192e-02, 0., 0., 0., 0.,
       2.4404994611883210e-02, 0., 7.8395899357935186e-02,
       2.1588989774311920e-02, 5.0728729450586998e-02,
       9.3796204836611136e-02, 0., 4.0906378500696033e-02,
       2.4404994611883210e-02, 5.0302900395481590e-02,
       7.1928957725123671e-02, 0., 0., 0., 8.2030684111369309e-02,
       1.3845325868563721e-01, 3.3326224863093966e-02,
       9.1294283055043113e-02, 1.7667764205943898e-01,
       1.1341357787509235e-01, 2.3992862210725810e-01,
       2.1401719794763113e-01, 2.2442232396844411e-02,
       2.3462333869428253e-02, 2.4567984596582819e-02,
       4.8035569482487793e-02, 5.6492608549590886e-02,
       5.0709486448964738e-02, 1.7255607824973176e-01,
       1.1215090469020386e-01, 8.7326433913258852e-02,
       9.3976591169876569e-02, 2.2442232396844418e-02, 0.,
       1.3223546625472987e-01, 1.9222562753050718e-01,
       2.5671094009580853e-01, 8.9140111282845769e-02,
       2.1206722371251535e-01, 1.9974693708311414e-01,
       2.4320399883873448e-01, 2.0120774593947674e-01,
       1.8860050848286405e-01, 1.8275072112748658e-01, 0., 0., 0.,
       3.3326224863093966e-02, 0., 0., 0., 2.4517212236780293e-02,
       2.2442232396844411e-02, 0., 1.0121319775274641e-01,
       7.1484758648609717e-02, 4.6106202011092209e-02,
       4.9846141344261151e-02, 3.2024543526586419e-01,
       3.0914340206698943e-01, 0., 0., 2.4404994611883210e-02, 0.,
       7.2008689670383694e-02, 2.1588989774311920e-02,
       2.3562748456392401e-02, 2.3562748456392401e-02, 0., 0.,
       2.7283182423191200e-02, 0., 0., 0., 0., 0.,
       4.2041669433038309e-01, 5.6568175614195426e-01,
       3.3326224863093966e-02, 2.1588989774311920e-02,
       4.5785642428646155e-02, 0., 4.0674696304566049e-01,
       6.0072441450289327e-01, 0., 0., 2.7283182423191200e-02, 0.,
       2.4684784097172997e-02, 0., 0., 0., 5.7999356033736155e-02, 0.,
       2.2442232396844418e-02, 0., 8.5053624635436065e-01,
       6.8816466764452777e-01, 2.0372203278635596e-02,
       1.1863375231904097e-01, 2.8263049769393556e-01,
       4.6201379991297314e-01, 1.9198863094755819e-01,
       3.7905241617616942e-01, 4.1940970760205326e-01,
       5.2176798821615988e-01, 0., 0., 0., 3.3326224863093966e-02, 0.,
       0., 0., 0., 0., 0., 2.2147703884464597e-02, 0.,
       4.8086895220226612e-02, 2.4673131170642192e-02,
       2.0629527799996569e-01, 5.6157336698800533e-02, 0., 0., 0., 0.,
       2.4684784097172997e-02, 0., 3.4156010170836382e-01,
       3.4340391136674325e-01, 3.4931721869246485e-01,
       3.1494418266787677e-01, 3.1911400607996143e-01,
       5.4812669150592130e-01, 0., 0., 2.8484048675576662e-01,
       3.8212605822613660e-01, 7.8070563592949005e-01,
       3.8368531375617532e-01, 2.2280320378730167e-01,
       2.3383968906845742e-01, 6.4358296711273355e-01,
       7.1249184333167692e-01, 2.6386469184522382e-01,
       2.2619888452246217e-01, 4.3398976966818303e-01,
       3.5536489485101352e-01, 5.4905372442822409e-01,
       4.2220565531751053e-01, 2.6828866187063205e-01,
       3.4562600857207076e-01, 3.3822628423082557e-01,
       3.1778294131922918e-01, 3.2261118494081392e-01,
       7.6279852434555195e-01, 4.6596324208570156e-01,
       2.6238503391534523e-01, 1.7744018091708036e-01,
       2.6151198745688466e-02, 1.8277919457963226e-01,
       2.6089324601940667e-01, 2.5660808572692567e-01,
       3.1791213607975899e-01, 5.4119612816343965e-01,
       4.6247233010127470e-01, 1.8790363607909824e-01,
       2.3471162745493576e-01, 4.0105073901360005e-01,
       6.2903930247285755e-01, 7.6327218479370573e-01,
       5.4005346869139381e-01, 3.8583371927619470e-01,
       4.7214002347723383e-01, 3.5885168919922594e-01,
       5.9997072153221664e-01, 2.4526188711381017e-01,
       3.6697426480274542e-01, 0., 0., 7.0803971606412075e-01,
       5.9517302086866464e-01, 1.7409341168244213e-01,
       1.2139739274058381e-01, 4.3090475870811829e-01,
       4.0702096003479127e-01, 4.5031831097945174e-01,
       5.1735562745157149e-01, 2.3941476506994733e-01,
       6.5634132879505935e-01, 1.1204634213860811e+00,
       9.5491506639944146e-01, 9.0352475033743596e-01,
       9.4751101484757905e-01, 1.1642512300633270e+00,
       1.0191160022217682e+00, 0., 0., 1.0020346093989121e+00,
       9.4669212320320395e-01, 1.2149848818484199e+00,
       1.0135533962649912e+00, 7.0598205389051460e-01,
       5.5049275318089985e-01, 7.7296579422374534e-01,
       1.2150735922711080e+00, 8.1693625157244154e-01,
       9.1284780906440621e-01, 5.9286237645017492e-01,
       7.1404755233530592e-01, 1.1710373008364314e+00,
       1.2214173218618307e+00, 1.1246015284201683e+00,
       1.0986244481967173e+00, 9.5172444038352022e-01,
       1.4552035624802451e+00, 1.1325523987137482e+00,
       8.8835914634293855e-01, 6.3490618723412007e-01,
       6.5975309771728341e-01, 5.3296837435759914e-01,
       8.9667847017652547e-01, 1.2876907811857252e-01,
       5.5104419202521862e-02, 1.0444225149369031e+00,
       7.5329564209380973e-01, 1.2471637444795989e+00,
       1.3841724725393285e+00, 5.9602651423419661e-01,
       5.9407184159796467e-01, 1.0922245963261015e+00,
       7.8408416450994811e-01, 9.6580337966492091e-01,
       9.9077421424677958e-01, 8.3627497524780159e-01,
       8.1096802626604014e-01, 8.7775003832659337e-01,
       7.3783486823495015e-01, 1.0166000940460407e+00,
       1.2519244232637503e+00, 0., 0., 1.1162925065799816e+00,
       9.5793330826090839e-01, 7.5823744488575401e-02,
       1.2045290445999625e-01, 1.1322860254712253e+00,
       1.1607086194830696e+00, 7.5198859592319922e-01,
       7.4352436736515848e-01, 1.4892948408082225e+00,
       9.2978226594944402e-01, 1.1383033450830495e-01,
       9.3796204836611136e-02, 0., 4.0906378500696033e-02,
       5.1688177035074410e-02, 2.4567984596582819e-02,
       8.2176027013833336e-02, 2.1966662846791751e-01, 0., 0.,
       1.0007660858907191e-01, 1.4581056613079166e-01,
       3.3326224863093966e-02, 9.1294283055043113e-02,
       1.4807064618441801e-01, 1.6352969843448062e-01,
       2.6906103476710619e-01, 3.2992125653131199e-01,
       2.2442232396844411e-02, 2.3462333869428253e-02,
       5.1851167019774019e-02, 2.2300653683589022e-02,
       5.0493351353544075e-02, 0., 1.1783410289257143e-01,
       1.2681670029841435e-01, 8.7326433913258852e-02,
       4.0906378500696033e-02, 2.2442232396844418e-02, 0.,
       3.1967044224504687e-01, 2.8444560098343885e-01,
       1.6963195190612407e-01, 2.0056503468738696e-01,
       9.9088378199465560e-02, 1.3318525166421843e-01,
       1.3635969704876966e-01, 2.9667610633652430e-01,
       7.3748791399042987e-02, 1.2158163309046005e-01,
       2.3451258024010876e-02, 2.3451258024010876e-02, 0.,
       3.3326224863093966e-02, 0., 0., 0., 0., 2.2442232396844411e-02,
       0., 1.1591664052054890e-01, 4.2606595739687898e-02,
       4.8086895220226612e-02, 2.4673131170642192e-02,
       2.7430005005931352e-01, 1.3064143896970370e-01, 0., 0.,
       2.4404994611883210e-02, 0., 4.6273773871484916e-02,
       2.1588989774311920e-02, 4.0063146161709896e-02,
       1.8957966252636227e-01, 2.4037887697025936e-01,
       8.0126292323419793e-02, 0., 0., 2.3830730210823831e-01,
       1.7227275908207251e-01, 0., 4.0063146161709896e-02,
       2.3536583400426813e-02, 7.5110487151182986e-02,
       7.3389371024803862e-02, 1.0171528209773172e-01,
       7.7754483546647171e-02, 1.0236851403948480e-01,
       9.5327357659522133e-02, 4.9661167656976313e-02,
       1.2018943848512970e-01, 0., 0., 6.2363799845298919e-02,
       1.6025258464683959e-01, 1.6025258464683959e-01,
       6.2977297066452345e-02, 1.2018943848512970e-01,
       1.0271644890432655e-01, 4.0063146161709896e-02,
       1.0256852472026420e-01, 0., 0., 5.0840954743983646e-02,
       1.3389399503378716e-01, 2.4900411480457463e-01,
       4.5736468373371461e-02, 0., 2.0157033203748859e-02,
       1.9954171721008082e-01, 2.8562262898210088e-02,
       1.4900497504441679e-01, 0., 4.0063146161709896e-02, 0.,
       1.5351566334822364e-01, 8.0126292323419793e-02,
       4.0063146161709896e-02, 8.0126292323419793e-02, 0.,
       4.0063146161709896e-02, 0., 1.0543463276864239e-01,
       4.2606595739687898e-02, 2.1588989774311920e-02, 0., 0., 0.,
       1.2018943848512970e-01, 0., 0., 0., 8.0126292323419793e-02,
       4.0063146161709896e-02, 1.0839946852848661e+00,
       9.2829294052405087e-01, 9.4210744464803708e-01,
       1.0307585914894140e+00, 1.3750534504502003e+00,
       1.4232444522398968e+00, 2.5224536396431456e+00,
       2.2369591139651357e+00, 1.1335565175742888e+00,
       1.2996813478571878e+00, 1.3242632745565983e+00,
       1.0178000077141969e+00, 7.2731385919152514e-01,
       6.5764498751070044e-01, 1.4117185655162778e+00,
       1.5933476164862930e+00, 1.4141813931761735e+00,
       1.2108442127312977e+00, 8.1863331620385171e-01,
       9.3619792617608777e-01, 1.5745445171525707e+00,
       1.4626433700038166e+00, 1.0607991481275452e+00,
       1.1069353862398990e+00, 1.2099990699585879e+00,
       1.4368445516301980e+00, 1.2909348253384529e+00,
       1.4917898437047110e+00, 9.3579552604100302e-01,
       9.2998266374820826e-01, 1.3606708801797733e+00,
       1.2674994766751913e+00, 2.0223562688713113e+00,
       1.9389548902453000e+00, 1.4247106840577011e+00,
       1.3207967838749912e+00, 1.6173522455406000e+00,
       1.7399104802822569e+00, 8.1326502905204268e-01,
       9.9679110471296384e-01, 1.3390358061923435e+00,
       1.2347549975335086e+00, 1.4553224057644953e+00,
       1.4024435100108761e+00, 1.1069271493090802e+00,
       1.1216997974186926e+00, 1.1133305085667118e+00,
       1.2273867961938527e+00, 1.0505613707713672e+00,
       1.4975535819036245e+00, 2.4621394412102973e+00,
       2.1817368870330038e+00, 1.6560558889387462e+00,
       1.3701067261083268e+00, 0., 2.7606424209106483e-02,
       1.3278198004792978e+00, 1.4063213271932797e+00,
       1.1644232302684416e+00, 1.2417589477850051e+00,
       1.4583112981954729e+00, 1.3680710997541143e+00,
       1.0145797299615436e+00, 1.1156340549154218e+00,
       1.0961964683469212e+00, 9.7921155577077956e-01,
       1.3319085238145127e+00, 1.3800995256042092e+00,
       1.2791748089082597e+00, 1.4002809192578292e+00,
       1.0904115909386012e+00, 1.3397444940188978e+00,
       1.0751957755179009e+00, 8.7373009417909731e-01,
       6.8108715208185999e-01, 7.7867765833481628e-01,
       9.8934768670165252e-01, 1.1654871906352124e+00,
       1.1708735760568258e+00, 1.2401057857945301e+00,
       8.9567782805329399e-01, 8.7337040677414080e-01,
       1.5313995905168831e+00, 1.5250071698491157e+00,
       1.1347618795030097e+00, 1.1808981176153635e+00,
       1.2543994249859352e+00, 1.5443756181452051e+00,
       1.2740351961083103e+00, 1.5050972294946490e+00,
       1.0159218183644230e+00, 8.8683773711252067e-01,
       1.1294354968767906e+00, 1.2151272843013319e+00,
       1.5592744804066843e+00, 1.5203474768296699e+00,
       1.2053562402084197e+00, 9.6058246317879736e-01,
       1.2155751740505281e+00, 1.2918296381568048e+00,
       5.5003923437268343e-01, 7.2096740853143393e-01,
       1.3193421375806667e+00, 1.2551244750835417e+00,
       1.3258876258574324e+00, 1.5226329484960059e+00,
       1.1870534416325000e+00, 1.0754730903090273e+00,
       1.1503118742544440e+00, 1.1165797306856973e+00,
       1.0043346636617019e+00, 1.4112637286322494e+00,
       1.5047431853678517e+00, 1.3210790699154087e+00,
       1.6315386767019660e+00, 1.3269617994726393e+00,
       6.4949671828303232e-02, 3.3266905082789462e-02,
       1.4480092389644275e+00, 1.3200314739219046e+00,
       1.1644232302684416e+00, 1.2417589477850051e+00,
       1.4952926638832051e+00, 1.3218443926444490e+00,
       2.3562748456392401e-02, 6.4469126957088438e-02, 0.,
       4.0906378500696033e-02, 2.7283182423191200e-02, 0., 0.,
       7.0389927483396370e-02, 0., 0., 6.4522241854700055e-02,
       4.2843293665560243e-02, 0., 9.1294283055043113e-02,
       4.6892329292452434e-02, 7.2772975045804766e-02,
       7.8684929994001979e-02, 1.1199268422584499e-01,
       2.2442232396844411e-02, 2.3462333869428253e-02,
       2.7283182423191200e-02, 0., 5.0493351353544075e-02, 0., 0., 0.,
       2.4673131170642192e-02, 4.0906378500696033e-02,
       2.2442232396844418e-02, 0., 1.5953683469147653e-01,
       1.6607442878481871e-01, 0., 2.9493641036195197e-02,
       7.5597021985860199e-02, 2.2979150521924685e-01,
       9.1454971415102213e-02, 1.0886793150061815e-01,
       1.0027506757374728e-01, 0., 2.3451258024010876e-02,
       2.3451258024010876e-02, 0., 0., 0., 0., 0., 0.,
       2.2442232396844411e-02, 0., 0., 0., 4.8086895220226612e-02,
       4.9846141344261151e-02, 1.6175317928329597e-01,
       1.4890923822608271e-01, 0., 0., 0., 0., 4.6273773871484916e-02,
       2.1588989774311920e-02, 2.3562748456392401e-02,
       5.8618001347888554e-02, 1.0516575867448846e-01, 0., 0.,
       2.5734915798898771e-02, 5.1734976153363965e-01,
       6.3788519572569258e-01, 7.0110505782992313e-02,
       3.5055252891496157e-02, 1.1538477958063231e-01,
       2.8873738003639932e-01, 0., 6.3854167671531320e-02,
       6.5160510354479756e-02, 2.0079716910692599e-01,
       1.3155713988879825e-01, 1.3500208744085879e-01, 0., 0.,
       3.5055252891496157e-02, 2.5734915798898771e-02,
       6.6863077343914057e-02, 8.5764739340460888e-02,
       8.9777228248656499e-02, 9.4020938584538499e-02,
       3.5055252891496157e-02, 1.6877401199838488e-01,
       3.5055252891496157e-02, 3.5055252891496157e-02,
       2.3326328995337217e-01, 1.2691265249137157e-01,
       1.6229337807426614e-01, 1.5738963545343757e-01,
       3.3393394802597653e-01, 2.6429200086263721e-01,
       2.5228328516367826e-01, 2.3910339123183594e-01,
       1.9084753317803571e-01, 3.0250021842479125e-01,
       3.5055252891496157e-02, 1.0516575867448846e-01,
       7.0110505782992313e-02, 0., 1.0516575867448846e-01,
       1.0516575867448846e-01, 7.0110505782992313e-02,
       7.0110505782992313e-02, 3.5055252891496157e-02, 0.,
       4.9998427437173454e-01, 5.3327160771460047e-01,
       7.0110505782992313e-02, 1.3033876884810744e-01, 0.,
       2.7606424209106483e-02, 7.0110505782992313e-02, 0.,
       1.4022101156598463e-01, 1.4022101156598463e-01,
       8.2379158464706836e-02, 9.1699495557304223e-02 ]
