%YAML:1.0
bias: 1.4911179873211751e+00
beta1: -2.6889392981696586e-01
beta2: 2.8455365841255054e+00
width: 6
height: 6
orientation: 31
data: !!opencv-matrix
   rows: 1116
   cols: 1
   dt: d
   data: [ 7.3679173496238592e-02, -1.5699716049162940e-03,
       -1.1126213914873473e-02, -5.6038049546218039e-03,
       9.6628117061104465e-03, 1.6285643991047405e-03,
       7.3969952792034013e-02, 6.8108631673877221e-03,
       -7.7381618146188727e-03, -3.9357410258330922e-03,
       1.0396352038198066e-02, 5.7160739951218021e-03,
       5.2273295801773867e-02, 6.3449538081488580e-02,
       -1.4589634718717420e-02, 8.1661569258510008e-04,
       2.3361554293061845e-02, -1.6389081065909299e-02,
       -1.0613902544834877e-02, -1.7083284780671136e-02,
       -1.0958126893605792e-02, 5.0635040925473135e-03,
       4.3128410097832998e-02, -9.6164554633886290e-03,
       1.5811242603874899e-03, -1.5852458542977659e-02,
       -7.6497597052703238e-03, 7.3842125804169691e-04,
       -2.0103918358561866e-02, -5.1441274976797569e-05,
       7.8616736657870154e-02, 2.0911957631296347e-03,
       -1.3457805013239633e-02, -8.8678512596195025e-03,
       -1.4802515879436345e-02, -7.8006823541458582e-03,
       -6.3224687597953364e-03, -1.4634617578260595e-02,
       -2.6198933452455594e-03, -7.1098870776823593e-03,
       1.7485687139422511e-02, -4.5232252244535491e-03,
       -7.4706085720302670e-03, -1.9236574359347825e-02,
       -1.4146697275857064e-02, 9.8129785616749704e-04,
       -1.5446141715621583e-02, -1.8577213268172302e-02,
       -2.3922728946981754e-02, -1.8269535100960004e-02,
       -1.1236468267201887e-02, -3.5226499713218902e-04,
       8.7042990924061838e-03, -1.8495150185596238e-02,
       -4.3556777568580004e-03, -1.7501552592317837e-02,
       -9.6456776122485557e-03, 1.9870031412926269e-02,
       1.1394104985798320e-02, 1.1970162605360742e-02,
       9.3646169968619065e-03, -1.3919361374315114e-02,
       -9.1845402508898971e-03, 6.3448260289361031e-03,
       -2.0194613634630980e-02, 3.7217443769822320e-02,
       4.8553999690285399e-02, -1.8200256311447546e-02,
       -1.3698917154978476e-02, -9.5089319774173658e-03,
       -1.6725582501695348e-02, -6.4723364133693071e-03,
       4.5570515606449622e-03, -1.6129281030870184e-02,
       2.9790658651025030e-03, -1.4202668670398256e-02,
       1.1633689762232120e-02, 3.6404144022544993e-02,
       -5.5052270672531472e-03, -1.8825690800383193e-02,
       -1.0779148210903540e-02, 1.0616860073895141e-02,
       -7.4018518678015087e-03, 2.3190719399700764e-04,
       -2.2227122810539696e-02, -1.7395754107561577e-02,
       -6.9437763958708210e-03, 3.3151638903451318e-02,
       -2.4051126468548012e-02, -1.4676298459989421e-02,
       -1.5123796145944338e-02, -1.0894849853144137e-02,
       -8.4549970761958974e-03, 1.1319131685307128e-02,
       7.0062817529545022e-03, -1.1824085535141055e-02,
       -9.9506912418222803e-03, -1.2101760898384389e-02,
       -1.0396875957235374e-02, -6.4487378003765042e-03,
       -1.8720613211475955e-02, -2.2831228031944283e-02,
       -1.7934524668332345e-02, -2.1612407216725943e-02,
       -1.3074792951544973e-02, -1.0680975747771874e-02,
       -2.2000875851729464e-02, -2.0837494048094211e-02,
       3.0267671633963277e-02, -8.3674060205196753e-03,
       -1.4133905960755897e-02, 1.7635537725726310e-03,
       3.6997544232577700e-02, -1.8730907196828541e-03,
       6.0419043681864256e-03, -9.7894980247826245e-03,
       -2.1516156148704033e-02, 7.0727559116198248e-04,
       7.4003795449825299e-03, 9.7733480813938598e-04,
       -2.0782658416123881e-02, -8.6342205626567248e-03,
       -2.0172206594161926e-02, 1.3421344288862243e-02,
       -2.3453550470703174e-02, 1.6277241800568745e-02,
       -5.1064402119316019e-03, -1.1263466007271537e-02,
       -1.8913903118226057e-02, -4.9383437109165526e-03,
       -2.6251035127444138e-02, 5.5994159648625717e-03,
       -2.0260033648243653e-03, 1.8431166621275384e-02,
       -2.3222018758636914e-02, -1.5683862271368077e-02,
       -1.6278493463509736e-02, 2.0660478967545973e-02,
       1.1234937407598053e-02, 3.0778903623036293e-02,
       -2.9586302174280675e-02, -2.2328405802725274e-02,
       -2.6722085577138305e-03, -8.9137995650501890e-03,
       -1.1236131660207441e-02, -2.5807044595675978e-02,
       8.0352670520082541e-04, -1.8778678784810536e-03,
       1.0679009423456086e-02, 7.3266106433567627e-03,
       -4.3273042070090043e-03, -7.9463404271577429e-03,
       2.1332812365976565e-02, -4.7021633251461310e-03,
       -8.8840567399519083e-03, 3.4140932255740115e-02,
       -7.2179013585746887e-03, -1.5467271336722099e-02,
       -3.8976964172423176e-02, 5.3731904608717799e-03,
       -9.9390790408397361e-03, -1.9884393028659977e-03,
       3.0135581487702890e-03, -1.0343922514469099e-02,
       -3.8194264054704059e-02, -9.3425705128168286e-03,
       6.2446281529179703e-03, 4.3346834792414198e-03,
       -7.9706916595824722e-03, -7.6372314483028596e-03,
       -2.4753272750050268e-03, 4.4566379997616160e-02,
       -3.0362896536722798e-02, -1.2949091114226530e-02,
       -1.2294933951765522e-02, -2.5187318983411859e-03,
       4.3711815254148162e-02, 6.6409991412602218e-02,
       -2.1580897629155084e-02, -2.4969461123031812e-02,
       -1.8295925117712764e-02, 1.8112432307436137e-02,
       5.7500295711891081e-02, -3.9273321479790114e-03,
       1.2383288696860867e-02, 3.6675898649280544e-02,
       -1.2636061648784759e-02, -6.2885396165882346e-03,
       4.6130793168914302e-02, 6.1265295697032675e-03,
       3.0885257657533152e-02, 8.0533696886258659e-03,
       1.3454707967328949e-02, 1.4800939284839639e-02,
       3.7083833201243400e-02, 3.7167070865484597e-02,
       1.5632934192392482e-02, 3.1667332084404157e-02,
       3.9261074936060812e-02, 5.2303782562861320e-02,
       3.8880083357938966e-02, 4.1176324751271601e-02,
       -1.1976426235105116e-02, 6.9770435897653100e-03,
       1.4829683469926868e-02, 2.5755476263532404e-02,
       3.8160541495203523e-02, 6.2244770562372341e-02,
       -2.4244969496488848e-02, -4.3219287152500424e-03,
       -1.6917240550022583e-03, 1.2323440467574965e-02,
       -2.0066380699557677e-02, 1.1823892064843841e-02,
       -2.8334102859481871e-02, -3.9772830463654704e-03,
       -1.0315302840982310e-02, 1.3854601410822733e-02,
       4.8976099797248859e-02, -1.2125765865511149e-02,
       -3.2864049896891828e-03, 1.4122269363653090e-02,
       -8.6873375022511051e-03, -4.0710116912400039e-03,
       4.8028281697956518e-02, 3.9684021422721108e-02,
       2.4416244622756527e-02, 7.8679281767212225e-03,
       -1.8203514845690535e-02, -4.8667621491275785e-03,
       4.8140350652586719e-02, -8.6444049350538968e-03,
       3.1596937802926481e-02, 8.3466933798548804e-02,
       -5.5949334039407609e-03, 3.0590022429483159e-03,
       1.7881016454828584e-02, 1.0886385337906529e-02,
       2.9311623138481631e-02, 2.4076514535495277e-02,
       4.0871405361395585e-03, 9.9792531334086474e-03,
       -5.6928060930578599e-03, -2.2785783442797431e-02,
       -1.0598815791961197e-02, -9.7331070700143914e-03,
       -7.1757373673897408e-03, -2.5446640638855780e-02,
       1.2034955370245803e-02, 3.4574500194910728e-02,
       -1.5977590566511293e-02, -8.4152907592769544e-03,
       4.7692026053937464e-02, 2.0862004684684715e-02,
       3.0735651752014936e-02, -3.3762883094335585e-03,
       -3.1420312323425688e-04, 2.0574996143879708e-02,
       4.5844724454052244e-02, -1.8933958707404275e-02,
       -3.1054575328728448e-02, 2.2269795798670954e-02,
       4.2982380971282430e-02, 1.9851229724829118e-02,
       -1.0507951613284713e-02, -7.4412945472946811e-03,
       -2.7643841784047111e-03, -9.2139013903542941e-03,
       3.2475616704132821e-03, -7.7178269463720516e-03,
       -2.4348304308112405e-02, -2.0757599004492869e-02,
       -1.3086057222371481e-02, -6.8004518597224329e-03,
       -1.0829695180350254e-02, -1.5271776177983100e-02,
       6.2775125600024170e-02, -4.0130574540067129e-03,
       -1.2311832282335891e-02, -1.2637965009626016e-02,
       -3.3501146282715688e-03, -1.2133432185435713e-02,
       4.9921051044979153e-02, -3.3310737973809117e-03,
       2.4201434913770463e-03, 2.7451562231182461e-02,
       -2.6447840487923122e-02, -3.3480434733604864e-03,
       5.9782876412881727e-02, 9.8018607264430731e-03,
       2.9077195637794928e-02, 7.6731935569554219e-03,
       2.6873006621480943e-03, -2.0295629793153528e-02,
       6.0828504337554469e-02, -2.1520071975526051e-02,
       7.8379276058484458e-03, 5.4937273347578884e-02,
       3.8377857905341782e-02, -8.3969933848328029e-03,
       -1.8797330888921795e-02, -2.1895061554543259e-02,
       -1.5339115405419620e-02, -4.6464986962111519e-03,
       -1.1033760365890903e-02, -1.8958954263904138e-02,
       -1.3853765673707415e-02, -1.6124613153014167e-02,
       -1.0721621822536404e-02, -1.4493592581008487e-03,
       -3.0467578723737197e-02, -2.5915703222214596e-02,
       2.5072054727929532e-02, -1.6450543145229275e-02,
       -9.0396197522003442e-03, -1.0384351643029460e-02,
       -2.4747724843990990e-03, -1.6180673991929559e-02,
       -1.9045279954871108e-03, -2.0896668211780746e-02,
       -8.2198120207113215e-03, 6.9240757705849296e-02,
       4.5622347665480643e-02, 1.4102949210811153e-03,
       -9.0584286969982511e-03, 1.2632865592463077e-02,
       -1.3625325254927040e-02, 1.2384527981517277e-02,
       1.1759137232547241e-02, -2.2852164708731939e-02,
       3.2036330337110921e-03, -1.9624954827817325e-02,
       -1.4306637709229946e-02, 3.6060276748026837e-02,
       4.5927210688619720e-02, 1.0429920792509888e-02,
       -7.2811835114718814e-03, -1.6822505652299098e-02,
       -1.2181782233335190e-02, -6.2439772182447395e-03,
       9.3053846576771782e-03, -1.7909857885700618e-02,
       -1.6908950099854572e-02, -2.0112202246185398e-02,
       -1.0328281606360831e-02, 1.5332188005570393e-02,
       -2.7931817415260962e-02, 3.5289822507660912e-02,
       3.9467929356003316e-02, -1.0588149291840201e-02,
       -6.1940573599169463e-04, -1.5744905252402588e-02,
       -2.9261775603077248e-02, -2.1617020810337671e-03,
       -8.2852728953705396e-03, 4.7086170255775800e-04,
       -6.1847725093464485e-03, 4.5705660801560223e-03,
       2.5935482184598697e-02, 1.5333414805664096e-02,
       4.5075635657997333e-02, -8.6074491155731098e-03,
       4.1086631518410174e-03, 6.7167932216689657e-03,
       5.4082698548159214e-03, 2.1695633058464017e-02,
       6.4947727766045113e-02, 2.6394753768783481e-02,
       -4.1894317414901145e-03, 5.8501714675368230e-03,
       -1.9341701489096502e-02, 3.9418384555101930e-02,
       2.4141032704785612e-02, -1.6005479402800785e-03,
       -1.3127656670922137e-02, 1.9307921503704754e-03,
       2.3237968469980138e-03, 6.5896000917598915e-03,
       7.5692306477104518e-03, -2.0479372164318076e-02,
       -1.1324979604543232e-02, -3.8493394211135644e-04,
       1.2240326658048799e-02, 6.3755851403042740e-02,
       -1.3086582907731228e-02, -2.4510213280101584e-03,
       2.7316978793627093e-03, 7.3078029169850612e-03,
       2.7022240673144470e-03, 5.1656242357406915e-02,
       -2.3389343586822889e-02, -1.8644282243202571e-02,
       -1.0046968016515558e-02, -9.3186889205895008e-03,
       -1.4081954830019972e-02, -3.6584944896275156e-03,
       3.7464807401367456e-02, 3.5252014248299442e-02,
       -1.0440704782041961e-03, -3.1330620111045329e-03,
       1.3892367824451961e-02, 1.2589463517060638e-02,
       6.3295306755794534e-02, 9.8856811147723586e-02,
       -2.0888814135319195e-03, -1.8568689163277516e-02,
       -1.4206235702281959e-02, 3.1813106248196402e-02,
       -7.8215298559024347e-03, -8.2034068546125907e-03,
       -1.4107898470912407e-02, -1.3453674504165590e-02,
       3.6546595276869001e-02, -5.5391263369855542e-03,
       1.6867560381584629e-02, -1.1904834298860224e-02,
       -1.2251403405328478e-02, 2.9183138735292807e-03,
       6.2172893765252597e-02, 7.0489357501095085e-02,
       3.4337485056983377e-03, 1.3040284123204826e-02,
       5.8050760985721081e-04, -8.8789643707209501e-03,
       2.6847817132031198e-02, 3.5390136853997174e-02,
       -2.0822458011838536e-02, -4.3911038770503130e-03,
       1.7011686843303196e-02, -4.3438310443461997e-03,
       -1.0626780507226645e-02, 1.4676428504190604e-02,
       1.5620312083976776e-02, 1.7279362074756867e-02,
       -6.8717369132794684e-03, 2.2596060775457345e-03,
       -2.0866030627716144e-02, -4.9399103104760065e-03,
       -8.7616017904648558e-03, 3.3897478330279784e-02,
       5.7656920482264135e-03, -1.9430778913942078e-02,
       2.7793845190858396e-03, 2.2647062413042419e-02,
       -3.2607688089832266e-03, -1.6483975405587895e-02,
       -1.4478089325994165e-02, -1.2648672326505690e-02,
       3.5995467942294967e-02, 8.3032755223894951e-03,
       1.2168550084495616e-03, -2.4435523538954958e-02,
       -2.1923793186080110e-02, -1.5159408996918478e-02,
       1.5972428450449036e-02, 3.3072337092243183e-03,
       -6.1959264383702958e-03, 1.1272232647468603e-02,
       1.5119489314067345e-02, -1.6579707158813760e-02,
       -8.0583539975973961e-03, 1.3806409186205990e-02,
       -2.6530968461867015e-02, 4.5808687558975818e-02,
       6.5511873877642568e-02, -8.1646059443482698e-03,
       -2.3922907567953018e-02, -1.0815002710478699e-02,
       -1.6379330529811113e-02, -8.9385537520569186e-04,
       -1.5685169265943672e-02, -3.8523861823579284e-03,
       -2.9067108711866470e-03, 2.6590899695067227e-02,
       -2.1903531315531882e-02, -7.1587378845184291e-03,
       -7.6865057722890484e-03, -1.8361534117465751e-02,
       -2.1095034407284489e-02, 1.5220890723279003e-02,
       -2.4194420989377297e-02, -1.3760592279945690e-02,
       -2.4757756184446006e-02, -9.9110281686198808e-03,
       -1.0514462249997612e-02, 3.4187631872393570e-02,
       -1.2822567243914777e-02, -3.4249987849233408e-02,
       -4.1052839487531100e-02, -3.0141850844904144e-02,
       -4.0874670534357862e-03, -2.9696929104049950e-02,
       -2.2506545748852622e-02, -2.0539582889603000e-02,
       5.6554578667057775e-03, -1.9020862591789655e-02,
       2.8142692783654708e-03, -2.1048094704835422e-02,
       -2.4854076404699554e-02, 5.2503376813644594e-02,
       6.0222240905436063e-02, -1.9013405804434304e-02,
       -1.3907648156898465e-02, -1.0968259807842693e-02,
       -1.5389949762727850e-02, 2.4947993695903364e-03,
       -1.3870446699808855e-02, -1.8531374933762938e-02,
       4.1276226356274578e-03, 1.3991710829548950e-03,
       -6.6630390971753987e-03, -5.9590651771479805e-02,
       -4.6450483545455265e-02, -1.8618916018809495e-02,
       -7.4895983838968970e-03, -3.9612054529117591e-03,
       -4.0387626964646746e-03, 3.4534287864723782e-02,
       1.7345625201554391e-02, -1.5071287705123873e-02,
       -2.2152180280189920e-02, -1.7950115774646478e-02,
       -1.1726769694877830e-02, 5.0033093006581528e-02,
       3.1856610497772608e-02, -2.1049392865159958e-02,
       -1.7423460459886752e-02, -1.8816621433318732e-03,
       -2.4696512784834819e-02, 5.6549672378518337e-02,
       3.1518120162302973e-02, 6.4888695813627604e-03,
       -4.7959079404656354e-03, 6.1531311505505018e-02,
       -2.6136276867638232e-02, 5.7848146425781205e-02,
       1.1014786264259866e-02, -4.5079346840157450e-02,
       -1.9162682603522108e-02, -6.9189362470012221e-03,
       -1.2225696202074088e-02, 5.0351976380372379e-02,
       -1.8766987508206389e-02, -1.9467124415993829e-02,
       3.5619769242067292e-02, 7.9872986323305424e-03,
       2.8250341897560927e-02, 1.7042642129651852e-02,
       3.9827080227886058e-02, -2.3340920105758426e-03,
       2.7953611803413408e-02, 3.8939929124815316e-02,
       4.2301038643260826e-02, 4.3339112509460501e-02,
       3.7106476040815649e-02, -7.4768566301171690e-03,
       -2.8754512672755767e-02, -7.0582542523253038e-03,
       -1.7385916965333877e-02, -1.6657446176591921e-02,
       2.5961177340358865e-02, -8.1532735580358093e-03,
       9.8703543951330647e-03, 1.1273387218228188e-03,
       -2.4364509242402820e-02, 2.7650065090945586e-03,
       1.9572877018461846e-02, -2.0177255709705286e-02,
       3.7764263474645253e-02, 6.7566334518690810e-03,
       -1.5051625394124565e-02, -2.3157020887991592e-03,
       -1.6737535976346215e-03, -2.9608779871410820e-02,
       -1.1124676124359061e-02, -1.0026694803805067e-02,
       3.0405150158846588e-02, 7.0530997275678409e-02,
       -1.0769616153629024e-02, -1.5885688698182944e-02,
       1.0388127007256189e-02, 8.2331761048314335e-03,
       -5.5843423534912267e-03, 7.9670978554202375e-03,
       5.0838690090969762e-03, -1.9154608806657997e-03,
       -5.9114675759592856e-04, -3.7536472035858753e-03,
       -2.0363300255223094e-04, -1.0134959204270681e-02,
       -1.0648577759860103e-02, -9.1349106831273945e-03,
       -1.7088532462977920e-02, -1.4716388304787893e-02,
       -5.9127059215974102e-03, -2.5733374176954274e-02,
       -1.9814319557914108e-02, -1.2877107150630186e-02,
       7.4018925623304047e-04, 2.0418352544653053e-03,
       -2.1958571750238590e-02, -2.6562991489485190e-02,
       -2.6003208633178055e-02, -1.7239420817618256e-02,
       -2.9152813567302743e-03, 2.2813734891477006e-02,
       -2.6712826135010977e-03, -1.9195962036699175e-02,
       -2.2478702234104871e-02, -2.3569845696946749e-02,
       -5.2157523981434511e-03, 1.4461699015438265e-02,
       6.0515046665305453e-02, 2.1921034477516879e-02,
       -2.0726459280060859e-02, -5.0430129825150879e-03,
       3.1556248339978193e-02, 4.1517760849678585e-02,
       9.4193900762661355e-03, -2.9351374646342399e-03,
       -8.6191679719647106e-03, 1.6995835299319202e-02,
       4.5948435917419650e-02, 2.0530347847679837e-02,
       4.2283236794875834e-02, 1.8866983544070272e-02,
       -1.0621145773166179e-02, 1.9744468918499031e-02,
       2.8497540593393936e-02, 2.8718626192782679e-02,
       -1.2192012582261427e-02, -2.0274083129882797e-02,
       -9.3324093814509661e-03, -4.3463024148476734e-03,
       4.2382192873839986e-02, 5.8221791741343756e-03,
       -1.2649698468738065e-02, -1.8332169978213450e-02,
       -1.2572159414298605e-02, -1.9842285518343036e-02,
       -3.3524126585863581e-03, 6.2330558994080605e-03,
       -7.1432354505433461e-03, -1.5104692376086319e-02,
       -1.8616719381079942e-02, -2.0764273048866404e-02,
       -4.5826249164122330e-03, -6.0359195436995253e-03,
       3.6505658434830279e-02, 1.1321628429024734e-02,
       -2.4801777230024184e-02, 1.0446539375670357e-02,
       2.6327707169857731e-02, -1.6632948982251046e-02,
       3.5905800706928510e-02, -1.1625060517011968e-02,
       -2.3358317060081735e-02, 1.8048648919748896e-02,
       3.5942331122609278e-02, 2.0717109910623525e-02,
       2.8636298069796291e-02, 4.3588217245757878e-02,
       -2.6620961474938833e-02, -1.8870442123320487e-03,
       2.5154555134156438e-02, -2.8969473539036738e-02,
       -2.3970725193221767e-02, -3.9549786673114380e-02,
       -2.2420140316818118e-02, 1.9472329211916679e-02,
       1.7927200273243286e-02, 3.0550184777573545e-02,
       2.1245578811561135e-02, -2.8427068172401808e-02,
       -9.4677450818503039e-03, -1.3008074255425276e-02,
       -3.8649866881779099e-02, 1.2149378717140434e-02,
       4.3573816671005849e-02, 3.7838041495984361e-04,
       -2.0126749844524339e-02, -2.4973454534693235e-03,
       8.0476978201712793e-03, 1.0386959902296208e-02,
       3.8894402102618880e-02, -2.4573043022562139e-02,
       1.4643545625898776e-03, 4.6492028731700656e-03,
       3.3952745788576683e-02, 2.1991055733384210e-02,
       4.0617544484591872e-02, 7.8657483967029401e-03,
       -2.0548038039174949e-02, 1.2839798735475890e-02,
       -2.0839939170465772e-02, 2.8180133674734268e-02,
       3.0940382571787244e-03, -2.2051186329921160e-02,
       -2.6237407936076963e-02, 3.0767056957500113e-03,
       1.7261870513297421e-02, -8.9472826408879859e-03,
       7.8551607962705772e-03, -3.4034092225946513e-02,
       -2.3281821484076176e-02, 1.8671988035469728e-02,
       2.1315664865501883e-02, 2.7831402543896197e-02,
       3.9655457777676081e-04, -1.5159792261325793e-02,
       -8.2710814677873206e-03, 1.3111890256246485e-02,
       -7.9754795137110257e-03, 4.0977795361658471e-02,
       2.6134885317787602e-02, -3.1609910258612352e-02,
       -2.5640770495620215e-02, -2.0818235611231709e-02,
       -2.7822750947522439e-02, -9.0987437476580842e-04,
       4.1920385432119948e-02, 1.7553841851143184e-02,
       3.1561615204791019e-05, -1.7805932067951450e-02,
       2.9831989753557903e-02, 4.8570953480761694e-02,
       4.8494673069805143e-02, 7.3948913479093423e-02,
       -1.5406378746977662e-02, -7.7405863150422378e-03,
       -2.0957731808339292e-02, 3.6985173446546046e-02,
       -2.7633216242915117e-02, -2.8109994602378913e-02,
       -2.3041659452623250e-02, 1.8574580335463612e-02,
       1.3580098969521533e-02, -1.1279769930117752e-02,
       1.0739984597099659e-04, -2.3781437866701151e-02,
       -2.3405970451380730e-02, 1.2519175149296664e-02,
       4.8209850545520086e-02, 4.0588499672186820e-02,
       -6.2131500982169560e-03, -1.1712946488815100e-03,
       -1.2466530300966614e-02, -1.7063993920397716e-02,
       9.7600600344861510e-03, 1.4910966704339480e-02,
       -3.3511853290653530e-02, -2.2249373238291875e-02,
       1.8300419581898921e-03, -1.7055208161215651e-02,
       -3.2904376640923765e-02, -3.2128022203549989e-03,
       4.4163679919475174e-02, 6.4540335625747815e-03,
       -2.2497936311044141e-02, 1.2093868907998887e-02,
       2.0507642733698414e-02, -1.4662127918066616e-03,
       -1.9664509271967055e-03, 2.2714954015212788e-02,
       -1.5511336569943655e-02, -1.7028266284252740e-02,
       1.2880614456395597e-02, 3.3146134659868064e-02,
       -2.5130243567643373e-02, -2.7791563195621698e-02,
       -3.6624122776224566e-02, -1.0578233620481096e-04,
       1.6267441164304251e-02, 3.0023820117433042e-02,
       -4.0074723509432326e-03, -3.7139533186599884e-02,
       -4.1809937533902740e-02, -2.1168708322002208e-02,
       5.5396526149603317e-04, 1.3730291964866644e-02,
       -1.0042329295655746e-02, 2.6373431485322188e-02,
       -1.0091876010470919e-02, -3.1220171188834807e-02,
       -1.9044414667802087e-02, 4.0621591880448546e-02,
       -1.6147960841816338e-02, 4.3900884694354193e-02,
       3.5639118253994219e-02, -2.9039669153210951e-02,
       -2.6051176278298682e-02, -1.4029283643957431e-02,
       -2.9411015279981086e-02, -2.2068122366915077e-02,
       -9.8440969249126518e-03, -2.1198494934353230e-03,
       6.6076844941516562e-03, 3.3539222612791492e-02,
       -2.7804210841011170e-02, -1.1407181870095758e-02,
       1.9590541696929531e-02, -2.2969913504418096e-02,
       -3.1613963010188879e-02, 4.6848907897005687e-02,
       -3.0489607292425003e-02, -2.7043806234812662e-02,
       -4.9941181455541946e-02, -4.9222275623659563e-03,
       -1.9081821887508000e-02, 3.6276028995225043e-02,
       -9.5968753962974180e-03, -3.8870217317630226e-02,
       -5.8881684809087384e-02, -3.3476113052604471e-02,
       3.4775208552264222e-03, -1.6649613827657395e-02,
       -3.0697797337357325e-02, -1.2163748091096948e-02,
       2.2421937001384101e-02, 1.8763433212276824e-02,
       -2.1089176693062033e-02, -2.3527502311551061e-02,
       -3.7522677529026174e-02, 2.6187019453520002e-02,
       2.5326255253268978e-02, 4.5035033594583621e-02,
       -3.1025853706285689e-02, -2.3348378452824513e-02,
       -2.7860023449351443e-02, 2.6051668680921476e-02,
       3.6054140872835885e-02, -2.3696768846106209e-02,
       1.3920225893425203e-02, 3.8092743275286736e-02,
       -1.9720177264932269e-02, -3.2568087515351792e-02,
       2.2780014565509616e-02, -1.1351347742330573e-02,
       2.2762392075636496e-02, 4.1926896981697151e-03,
       1.1675039726101700e-02, 2.2736959715192417e-02,
       8.7721255719515681e-03, 1.4661240326428021e-02,
       -5.2624748937624508e-03, 1.4636501333629089e-02,
       3.0615551980460686e-02, 3.0096531285577068e-02,
       1.1257427486462468e-02, 2.0805415680127198e-02,
       -2.8902311151741793e-02, 5.9549267773271724e-03,
       -7.1550179867366122e-03, 3.2891737782890257e-02,
       1.0402078439292625e-02, 4.3993995700836647e-02,
       -2.5550408860684749e-02, 5.6933411848664586e-02,
       -2.5897172979893111e-02, 3.6582008711797516e-02,
       1.5062399914967297e-02, -4.2835163567569983e-03,
       -4.4021879325803724e-02, -1.0060405101357622e-02,
       -1.5579643883916342e-02, 2.7186630935799046e-02,
       3.1056400538582087e-02, -3.2680536773477660e-02,
       3.2055268199619000e-02, 2.5657946564260556e-02,
       2.3803243715908834e-02, 3.0213355517704342e-02,
       2.7971053490975947e-02, 2.1051712576571159e-02,
       4.6324352468841659e-02, 4.6513478640757451e-02,
       2.1837140783172775e-02, 2.5220665116033297e-02,
       3.0025766818408305e-02, -1.1013197550924891e-02,
       4.4783990446362679e-03, 5.1627058234676747e-02,
       -1.8682427861108152e-02, -2.8292148331409087e-03,
       2.9136587023479332e-02, 4.4374279794761641e-04,
       3.8462689214468604e-02, 2.6951251670708914e-02,
       -1.6622951006692102e-02, 1.7156458131052058e-02,
       2.6640129612778299e-02, -3.4110688348086081e-02,
       3.0856122420004108e-02, -1.8373797508018826e-03,
       -1.9534938227884741e-02, -2.5019915334860664e-02,
       1.4269176087245580e-02, 1.4590334933660225e-02,
       -1.8083467550075210e-02, -1.2072208821282866e-02,
       4.9810331605531798e-02, 4.6463751316019437e-02,
       1.7646877196281004e-02, -1.1433493850763164e-02,
       1.4461325299154074e-02, 3.2337987266787396e-02,
       3.6851962617060405e-02, -1.0749362268808028e-02,
       -2.5095592307786341e-02, 2.0051503648354636e-02,
       3.9625510505185077e-02, 2.1967362783002167e-02,
       -3.6385597592156196e-03, -1.6757032064191331e-02,
       -1.3049450578700852e-02, -1.7456704775633269e-02,
       -1.2510703521926495e-02, -1.9460000557238406e-02,
       -2.2661100102407704e-02, -4.1410421004751057e-02,
       -3.4722633130051486e-02, -2.0329230470049614e-02,
       -8.5712513385578677e-03, -1.2767837571686390e-02,
       3.3524927114737674e-02, -2.5789339947679606e-02,
       -3.8213630160216165e-02, -2.8982930669123684e-02,
       -3.0022717989578876e-03, 1.2226468859973163e-02,
       3.4584253503847341e-02, -1.9883934691675879e-02,
       -2.0304545212220929e-02, 9.0462961433784538e-03,
       -2.3135209772357189e-02, 1.4892475533802425e-02,
       3.4510673136027889e-02, 3.2744298996435280e-02,
       1.0055434908454727e-02, 1.0215621906057763e-02,
       2.8558124869376027e-02, 2.3901952669791358e-02,
       3.6321884651038722e-02, -2.4874310806901393e-02,
       -9.3192520156695161e-04, 4.0469304300870687e-02,
       3.5514351577180935e-02, 1.7192430884478214e-02,
       2.1375481118335787e-02, -2.4561872420939762e-03,
       -2.6894975796149176e-02, 1.4792582179711860e-02,
       2.0059275667581540e-02, 1.3901171887390779e-02,
       -2.5747402382201457e-02, -3.8505994989317720e-02,
       -2.2080435516412967e-02, -7.2399973738223712e-03,
       1.2735971314921038e-02, -2.1355830564744827e-02,
       1.4685709097814151e-02, -3.3016152720728401e-02,
       -2.4282056652963763e-02, -3.0172263829391945e-02,
       -5.5879722510385416e-03, -8.0899745754775907e-03,
       -2.8684787080850618e-03, -3.5551873267293005e-02,
       -2.8508717187499727e-02, 4.8661148313524034e-02,
       3.4770932958169146e-02, 1.2696625303155724e-03,
       2.1984965818455188e-02, 1.1137344088911786e-02,
       -9.4948201170073840e-03, -1.1758603760180461e-02,
       2.0328993663599006e-02, 1.8901545472488505e-02,
       2.3676787111677651e-02, -9.2821387239917438e-03,
       -1.1364665843431118e-02, 2.7048525555553274e-02,
       3.0123517113846830e-02, 3.4162347874471623e-02,
       -2.4263164653298558e-02, -1.3034025423563664e-02,
       -1.5944438486830699e-02, 1.6697263327720320e-02,
       1.5167935605164620e-02, 2.2944273928362444e-03,
       -3.5486527914550051e-02, -1.8360268605277695e-02,
       -1.5419340841438495e-02, 4.2744910134175692e-03,
       3.4548635912140288e-02, 1.1799989614240683e-02,
       -8.4696473806712292e-03, -6.5400271986898895e-05,
       3.7201977794575920e-03, -1.3850251660995419e-03,
       3.4488092225814591e-03, 2.7991608674349605e-02,
       -3.4542439642072141e-03, 1.0427221559242686e-02,
       1.0181559033526751e-02, -1.5321256072974056e-02,
       -4.6795981188950467e-02, -3.5838635122507762e-02,
       2.0702922048523285e-02, 2.9579068104492769e-03,
       -9.0865306105227979e-03, -3.5148820649217524e-02,
       9.2071158110410348e-04, 4.4881702548298201e-03,
       4.1817128243154846e-02, -5.7876246288293808e-03,
       -9.0828486471255052e-03, -2.2498939953400063e-02,
       -7.6874937677925796e-04, 1.0760476824838435e-02,
       2.8382729919859455e-02, -6.1589753002436673e-03,
       -1.6811370424473008e-02, -2.7472629249186014e-02,
       -1.7376644944362335e-02, -3.5954534352152945e-03,
       4.6862172263686663e-03, -2.8840831593663508e-02,
       -1.7720779919147559e-02, -2.0682079063898746e-02,
       -1.9020083330526419e-02, 1.5417297361207956e-02,
       7.7730409981034941e-03, 1.2192436506634182e-02,
       1.6168323165434281e-03, -1.1151731210787802e-02,
       -3.3101340495127057e-02, 1.6986240789959896e-02,
       1.5876189388515653e-02, 1.8158585907207064e-02,
       1.8152182579143035e-02, 3.8988445599909905e-03,
       -3.8003961658128665e-02, -5.2115885108440757e-02,
       4.1855851539946975e-02, 4.2893761587025903e-02,
       2.2059617106739156e-02, 8.1540567978860574e-03,
       2.9968519527773112e-02, 3.7922006131209343e-02,
       2.5717842789903876e-02, 3.0291051840792673e-03,
       6.1980396806604731e-03, 4.1188224278982895e-02,
       3.3324768522546372e-02, 3.2387563655987051e-02,
       -1.2561128764661936e-02, 3.9162924235121290e-03,
       -9.4046246319509901e-03, 2.7923071144820441e-02,
       2.0630813248424001e-02, 1.9752700885096081e-02,
       -3.4714651926650492e-02, -1.9717025845402400e-02,
       -1.9060668148248285e-02, 2.1599151796109717e-02,
       2.9553487017786942e-02, 1.6354011964787814e-02,
       -2.7289022337826992e-02, -1.6902979239585943e-02,
       -9.0576877494416737e-03, -7.4561590558686001e-03,
       -2.9063016462771065e-03, 5.2430521072784602e-03,
       -1.9182712636981306e-02, -1.4738611020017835e-02,
       -6.3318882961911471e-03, 1.1690515853947200e-02,
       1.0334569794393331e-02, 2.2611389240752504e-02,
       4.6961675643843521e-02, 2.3250618158253331e-02,
       5.0408479472831879e-03, -1.3198362811749768e-02,
       2.4224062786174255e-02, 1.1940602169136153e-02,
       2.5409632941164426e-02, -2.9594082267255083e-03,
       4.1435446580084193e-03, -8.2647004513559351e-03,
       1.0737534148243744e-02, 1.4273499793648378e-02,
       -1.3988765420890475e-03, 9.2174479968306945e-03,
       -3.6303730164880619e-03, -2.2833301154336315e-02,
       -8.3548202905454807e-03, 8.4858127508194436e-04,
       1.1357611029062551e-02, -2.7026691434153684e-02,
       -1.7704303314435781e-02, -2.1665035531452909e-02,
       -5.1887665234146858e-03, 1.0034469088725111e-02,
       2.2487671589010601e-02, -1.2912854647294920e-02,
       -1.1692987459369007e-02, -1.9888354818969497e-02,
       -3.8836156165816621e-02, 1.0017427176011321e-02,
       -9.4685886541232105e-03, -2.8643487632823809e-03,
       -8.8244101952046662e-03, -1.1603578373200288e-02,
       -2.2868140054532998e-02, 1.1535370724790063e-02 ]
