%YAML:1.0
bias: 1.6025803899328745e+00
beta1: -2.7366268328857020e+00
beta2: -3.8272479702486123e-01
width: 6
height: 6
orientation: 31
data: !!opencv-matrix
   rows: 1116
   cols: 1
   dt: d
   data: [ 3.7664098241395223e-02, 4.1151958405525102e-02,
       3.7773463396661995e-02, 1.6201659844327251e-02,
       4.9195613301140542e-02, 9.4103441877183124e-03,
       -3.2154706911295079e-02, -4.0449135348189350e-02,
       -4.6145607842585527e-02, -4.0172952514101856e-02,
       -4.1829678178720700e-02, -4.1026421724856384e-02,
       -4.5314566167889758e-02, 2.2341839438789403e-02,
       -3.3240400286745921e-03, 4.0247315824883398e-03,
       -2.8212833420275626e-02, -4.8304843002771589e-02,
       1.7665494691903323e-02, 2.6096908768055649e-02,
       -3.7359706135328234e-02, 2.2732284480785323e-02,
       2.6996969435522971e-02, -3.9658128751683702e-02,
       -1.6349574801127212e-02, -3.1837577054035518e-02,
       -2.6952512696200734e-02, -3.1263718626786001e-02,
       -6.5012905217945918e-03, -1.8583169641051420e-02,
       -2.8827711721091945e-02, -3.1442925761449171e-02,
       -1.0646314266970163e-02, 6.7673975438381183e-03,
       5.1258485653670721e-02, 4.7981486378185348e-02,
       3.5215783546330430e-03, -8.0123890958410000e-06,
       3.6099731960930109e-02, 4.0992031256257333e-02,
       4.5564694508886831e-02, 5.3977840100648891e-02,
       -1.6067527731063246e-02, -8.9439807428295225e-03,
       -2.7133508573625103e-02, -3.1787223950538464e-02,
       -1.2575671339809368e-02, -3.1986646763517510e-03,
       -1.5669879205791572e-02, 5.7291592677740283e-02,
       5.5870415669521153e-02, 5.3512969934582178e-03,
       -6.7091167572583266e-04, -1.2833637971438739e-02,
       -1.7128670715755817e-03, -1.9106535499108429e-02,
       -1.7050711602626140e-02, 5.4521411827267607e-02,
       -1.8882610835801221e-02, -2.9581894816273366e-02,
       -2.8471134560415105e-02, 1.6594626264154977e-02,
       1.0639073974115674e-02, 8.7324289052617653e-03,
       -2.5145871057623490e-02, -2.0298610855553609e-02,
       -3.2343181454261008e-03, -6.9928719786214160e-03,
       3.3682212974774181e-02, 4.1445089483971548e-02,
       1.7408021389334442e-02, 5.3355853130312804e-02,
       -5.2469138948587615e-04, -3.2403087729625420e-04,
       9.6706984232648834e-03, 2.1553733543802286e-02,
       -6.5361152780459815e-03, -1.5241239585067012e-02,
       -1.5311881816795153e-02, -1.2282126478617338e-02,
       -2.2908033544887733e-02, -1.7015533930883956e-02,
       -2.7431263513995309e-02, -1.7244285727902858e-02,
       -2.1700535583200814e-02, -2.8906334513566105e-02,
       -2.2334341083321829e-02, -1.5374674663421403e-02,
       -2.2915092791072206e-02, -2.1382554988559094e-02,
       -7.8708356068344885e-03, -1.9549150041013940e-02,
       -2.1270153578326446e-02, -5.8985373528689863e-05,
       -2.7208700535459714e-02, -1.8428461845395452e-02,
       3.0419405360373152e-03, 1.1658801013333674e-02,
       -1.1244611017935183e-02, 1.6940530246312997e-03,
       -2.5201662567588677e-02, -8.5096740164202142e-03,
       2.7402159653693699e-02, 8.9229007018583849e-03,
       1.3270570096435213e-02, 5.8989398430157595e-02,
       -3.4105830121668808e-03, 7.8050832926369287e-02,
       -9.6753896933950427e-04, -1.6239946994428815e-02,
       -1.2667355869433339e-03, 2.3073162202465894e-03,
       -2.0873045244305655e-02, -1.2675543927595260e-03,
       -6.6846442586610752e-03, -1.4245003782966895e-02,
       -1.8086281663401437e-02, -1.1248810262473178e-02,
       -2.1793091908716301e-02, -1.1381764069748161e-02,
       -1.5211472146578666e-02, 6.1399863424782888e-04,
       -4.3091294184023805e-03, -1.2984414078892798e-02,
       -1.5195583843350386e-02, -1.9840492352598500e-02,
       -1.7455955483442802e-02, 9.7910182714777139e-03,
       8.8672517647577741e-03, 9.5041034996848663e-03,
       -2.2077664624844374e-02, -5.9431439669973551e-03,
       -2.3455893835542339e-02, 2.7960108877142426e-02,
       3.8792458684728621e-03, -1.1870229371107443e-02,
       -2.2379438565145127e-02, -4.7171035686541778e-03,
       -1.0081997487044858e-02, 1.4625008203288133e-02,
       -8.1977239054532979e-03, -1.2306290383292777e-02,
       -1.6131616374774317e-02, -1.0833467489525945e-02,
       -2.0348683169951393e-02, -2.2087588241588345e-02,
       -8.7602410190618357e-03, -1.7065612286069520e-02,
       3.6511942724073078e-02, -1.5690974251001855e-02,
       -9.9389512146318502e-03, -1.4043633606755656e-02,
       -1.6287934476564105e-02, 9.2523527398624961e-03,
       4.5615500987547970e-03, -5.5821508527195470e-03,
       -1.9126974323602303e-02, -1.8612407410390684e-02,
       -2.2563971116886378e-02, -9.6139552326974763e-03,
       -2.0625821121386469e-02, -2.2745198560029274e-02,
       -2.3841588199996364e-02, 1.5283079717417963e-02,
       5.4337679634341801e-02, 1.0855955218533161e-02,
       -2.2800470280371538e-02, -1.1113537936042922e-02,
       -1.4229683356317751e-02, 6.1049192165699019e-02,
       7.1446417825391587e-02, 3.4165883560955922e-03,
       -2.7498048808884588e-02, -1.7033736959496025e-02,
       -6.8399212381052843e-03, -9.6356610300051167e-04,
       -2.4435871866842134e-02, -1.8676728244970502e-02,
       -3.5840477926174369e-02, -2.0158964303691809e-02,
       -1.4103514539232026e-02, -1.0910091205736154e-02,
       1.3840673851675563e-02, 7.4439923379131107e-03,
       8.6612211963352937e-03, -1.9569017481932620e-02,
       2.9942781999644022e-03, 1.7004472999367047e-03,
       1.5128536109848517e-02, 1.7117209569317560e-02,
       7.1581532185257479e-02, 3.2377464088597201e-03,
       -2.2947485299327715e-02, -1.5241535839017623e-02,
       -4.7393515892990897e-03, 1.1684424427657401e-02,
       4.0143636262110274e-02, -2.0726874022259978e-02,
       -2.2840850485912480e-02, -6.5117538080758774e-03,
       2.8556673513330931e-02, 1.1711778544138816e-02,
       -2.7114948024244578e-02, -8.9086105495973684e-03,
       4.6927592670621115e-03, 1.1475167429606106e-02,
       1.4894906238793481e-02, 5.8155636662946902e-02,
       -2.8336326532024773e-02, -1.7926792343560045e-02,
       -1.4689819165523473e-03, -8.5627836440896523e-03,
       -2.5306354764369578e-02, -1.8729165077109849e-02,
       -4.9151546602601483e-03, -2.2499609316834146e-02,
       -2.7660732609937601e-02, -7.8639479052908055e-03,
       -1.8110951300277078e-03, 6.7078026877131292e-03,
       -1.5347348835277308e-02, 2.1839085041995707e-02,
       1.4719618693134363e-02, -2.5744220270765509e-03,
       -8.7540752255396426e-03, 4.2239537339163321e-03,
       -2.0490822492856338e-02, 6.8669936462936445e-03,
       -6.5481855504387673e-03, -6.0787459351747536e-03,
       -5.5614202464262154e-03, -5.1007730356691493e-03,
       1.6786929289791541e-02, -2.0245260940310324e-02,
       -1.8683346799566822e-02, 5.6725296715249996e-03,
       -3.3668425316248658e-03, -1.8357663939568732e-02,
       -7.0558019047052192e-03, 1.9419704387438310e-02,
       -7.9631976626405102e-03, 6.0318558214072513e-03,
       -1.8926573638583619e-02, 4.9224609145371391e-02,
       3.4911561469060534e-02, -1.1917284915892650e-02,
       -1.0262902163395444e-02, 7.1283388546849492e-04,
       -3.2586034392504491e-03, 2.3525530665256894e-02,
       2.5441151429207845e-02, -3.2253133678170301e-02,
       -1.7051095679806484e-02, 8.8855951390720122e-04,
       -1.3860725713133406e-02, 1.0825848092954185e-02,
       -2.8689443192330157e-02, 2.3777584077276672e-02,
       -7.0492715656988343e-03, -1.4571977075497990e-02,
       4.3697241773900820e-03, -3.8230244659370645e-03,
       -2.4707054773154352e-02, 3.5166411061680054e-03,
       2.7814758247660103e-02, -1.7264396970190346e-02,
       4.4916202522952670e-02, -1.9428581274510179e-02,
       2.4486745299285022e-03, 4.2810075490925040e-02,
       -1.4263944655305168e-02, -2.7551938902863084e-02,
       -4.0230300837807681e-02, -3.0609536483435167e-02,
       -1.1194605666678410e-02, 4.9648120263407911e-02,
       4.3939279856934042e-02, -3.7935387734273334e-03,
       -3.1316827946984517e-02, 1.7054865003900015e-02,
       1.6857867087131533e-02, -4.0827959552909521e-02,
       3.3459600393847599e-02, 8.1624778179861749e-03,
       -8.4585271904720639e-03, 4.6747166789288469e-03,
       3.0870098926687288e-03, -1.9276587991507336e-02,
       -3.5050523686339357e-03, 3.7713426498645938e-02,
       1.4859359290472969e-03, 9.3795732360237860e-03,
       4.9219071201652706e-03, 2.1239970155680254e-02,
       -2.7208258726926018e-03, -3.7663461853643589e-02,
       1.9160266785334164e-03, -2.0196621301755762e-03,
       -9.6373697113775955e-03, -1.3836878518331531e-02,
       2.2981377803259304e-02, -1.4435623919336203e-02,
       3.0021365222877416e-04, -9.9852418769554481e-03,
       3.9216286439251090e-02, 4.6596981454395982e-02,
       -1.7981797414020860e-02, 4.7536761217119704e-03,
       -1.3213800467915864e-02, 1.7787424827868711e-02,
       5.7117063692433322e-02, 4.6810489102432171e-02,
       1.1712761283740962e-02, -2.2703509611490581e-02,
       -4.0407392058359234e-02, 4.4499683826168986e-03,
       -2.2984857271325734e-02, -3.0573317770509999e-02,
       4.1863536932361764e-02, 1.5841727957465052e-02,
       -2.0528871137306230e-02, 6.7159872379861573e-03,
       -2.7763605931533583e-02, -8.3915802467393660e-03,
       -2.0096268860537642e-02, -2.6771340121125156e-02,
       3.1401003815053188e-02, 5.5913382289474612e-03,
       4.2329744645008029e-02, 4.0971307801172856e-02,
       -1.0389594935871225e-02, 5.3994199627515914e-02,
       5.5502250750734283e-02, -9.9861532768809116e-03,
       7.4120908495389362e-03, -2.8638308725284268e-02,
       2.5772554577188585e-02, 4.4232999088603051e-02,
       2.5273774074652776e-02, 2.7391228476419900e-02,
       2.4682584123069937e-02, -2.6148559016492642e-02,
       -2.4725630999327276e-03, 7.7007015894284450e-02,
       -1.2973892274344676e-02, 1.1684668923391322e-03,
       2.2905362346983191e-02, -4.1792744473978169e-02,
       6.7866859327611979e-03, 1.0109632850348691e-03,
       -3.9324819834292007e-03, 4.5944031151922901e-02,
       -3.1059276493218196e-02, -1.6234442799489539e-02,
       2.1864978625698667e-02, 5.4769957034342426e-02,
       1.0354674614956257e-02, 1.3364995877085607e-02,
       -1.4102288974911850e-02, 4.8721407099817579e-04,
       1.0563302908462897e-02, 1.1754806252602472e-02,
       -1.8562880587027181e-02, -1.7431996902082150e-02,
       -1.9864988298314325e-02, 1.0182445803350152e-02,
       -1.5294991009233275e-02, 5.0316357144349774e-02,
       -7.6371440749836480e-03, 3.0317891589444049e-02,
       5.4254393863709142e-03, 4.5985509984230524e-03,
       1.9435250768983559e-02, 2.3792537450100779e-02,
       -4.4288143292380504e-02, 6.6663324846103642e-02,
       1.9999667814855470e-04, -8.9488259425612414e-03,
       2.8982789177825395e-02, -6.4988858086179454e-03,
       -3.2711477018463969e-02, 4.1902170089103907e-02,
       -8.5205598317379828e-03, -1.7354701009991935e-02,
       6.8178029776142568e-02, -1.9467339031780721e-02,
       -1.7824313142466557e-02, 1.6770193401639700e-02,
       -1.2138093533553062e-02, -1.8087480686850401e-03,
       1.0052064051407588e-02, -4.4190765743767707e-02,
       -2.8936492537768310e-02, -2.3613622403848402e-03,
       -8.9523618334135212e-03, -1.1488071809276282e-02,
       -7.1384459606939395e-03, -1.9973667400641711e-02,
       4.3252803551015549e-03, -8.3798394956311351e-03,
       -3.2176169041599331e-03, -1.5561024798879559e-02,
       1.2308469115460633e-03, 8.8891982888568821e-03,
       -4.8322140859621589e-03, 1.0593699510207402e-02,
       2.0934011233200853e-02, 1.4429336548547625e-02,
       -1.1533028665739985e-02, 1.3513899822059557e-02,
       -1.9809858888284702e-02, 1.9982488020799966e-02,
       -3.7010161818869670e-03, -1.9694321745520733e-02,
       -2.0832716631787429e-02, -2.6990566233176597e-02,
       -2.2523340884140847e-02, -3.0687914543698208e-02,
       -2.4840217071278391e-02, -1.8305886182068083e-02,
       -8.9697482639995232e-03, 2.0355191678635490e-03,
       7.5631808015071869e-02, -2.1850787813151334e-02,
       -1.6337368081758123e-02, -1.2921132597132345e-02,
       -1.1170719304474700e-02, 1.3292803633974351e-02,
       5.4301383322935805e-02, -2.6403200844539555e-02,
       -1.0348457885222593e-02, -2.0768558592040721e-02,
       -1.3951759719435209e-02, -1.9781243989026951e-03,
       6.1196335938433488e-04, -6.6536423285609575e-03,
       -3.4432714394072219e-03, 1.3639743133509907e-02,
       2.8772930733342774e-03, -1.3004162580786793e-02,
       -8.7275604474421776e-03, -1.8087295657455486e-02,
       2.1826227371330484e-02, 4.0721535388183905e-02,
       7.1306560547700921e-03, -5.1854958889965483e-04,
       -2.0562631978740573e-02, -1.9683118889194308e-02,
       -1.2741084218410777e-02, -1.3960364819258572e-02,
       -2.6035540020974829e-03, 2.3085265842606957e-02,
       3.1952238562096218e-02, -1.3160299034332782e-02,
       -1.9104294742466929e-02, 9.4834649259954041e-03,
       4.8140253335828172e-04, 2.1190580483106836e-03,
       2.9556539591237500e-02, -7.3393935309148534e-03,
       -9.1634269859489394e-03, 2.9293705523286716e-02,
       -5.9265987911714252e-03, 1.0405281396561394e-02,
       4.9957104767033522e-02, -2.3445355969923490e-02,
       -1.3324726433100394e-02, 3.4664589019075820e-03,
       -5.8020295579134743e-03, -1.5883375088390911e-02,
       -1.8499657482061005e-02, -1.6043456326446489e-02,
       1.0245329462332350e-02, 3.7675374480252564e-02,
       2.5814782642489768e-02, -1.9648459759149334e-02,
       1.5411843042531070e-02, -3.9976693474237796e-03,
       3.5109819590361559e-02, 3.7451007737401489e-02,
       4.0331940100675520e-02, -4.8115212685311860e-04,
       -8.4878678373677997e-03, 5.6092643251356780e-03,
       3.6455187618656369e-04, -2.2418100123855023e-02,
       -2.2548962965770282e-02, -5.9846092544942097e-03,
       7.7905020276054834e-03, -1.6403923898497631e-02,
       -2.3059488995092688e-02, -1.0268206739936055e-02,
       -3.8900883510761472e-03, -1.0935119372449793e-02,
       -2.5365404308280055e-02, -2.6815365077657905e-02,
       4.0783688835592864e-02, 2.2911166782173625e-02,
       -1.7329917086601563e-02, -1.4328182492069129e-02,
       -1.8946077141421273e-02, -2.4800824216529953e-02,
       1.9338173077801651e-02, -7.9622855337620497e-03,
       5.2935735494024992e-02, -1.1769414909538365e-02,
       -1.2700799703339222e-02, -2.0894017892372555e-02,
       -5.7633863460556907e-03, -2.0553980444009957e-02,
       2.1141077290992159e-02, -1.4139598509976918e-02,
       -7.2328596054502051e-03, -7.5807718763772972e-03,
       -1.4124676689291842e-02, -1.4250483543605932e-02,
       7.3982065726695290e-03, -1.6658283498080462e-02,
       5.4317514714982591e-03, 1.1860853401724741e-02,
       -2.4936752465660305e-02, -2.5788914491703945e-02,
       -2.1644183671214505e-02, -4.7494712960971380e-03,
       9.2465219171180946e-02, 1.8803652875485355e-02,
       -1.8483057551636102e-02, 9.9566027877241118e-03,
       -7.3672813436618887e-03, 2.9640392346176582e-02,
       8.1938286935161711e-02, 1.5393689798798706e-02,
       4.8486513640621204e-02, -3.3090212443444185e-03,
       -1.3342365655457919e-02, 1.3938465207505892e-02,
       -1.3206940161937266e-02, -3.0108019737207573e-02,
       1.9683284436581648e-02, 4.1158678649659041e-03,
       1.4338273360306318e-02, -7.4487739816902522e-03,
       -1.7772960967031952e-02, -1.3708820172484870e-02,
       3.3422780233349020e-02, 2.1239696531695079e-02,
       -6.6590861177575345e-03, -3.3507574674322225e-03,
       -9.7500435934090995e-03, -1.8847235900992205e-02,
       -1.7272271864682380e-02, -2.9406559647558020e-02,
       3.1075523335043001e-02, 8.0671082478135266e-03,
       -5.8006497207546467e-03, 1.8161321922762985e-02,
       -1.7669335103847786e-02, 1.4302069079114368e-02,
       -1.5797973684828822e-02, -7.4333345708687583e-04,
       -3.5722263897808044e-03, 1.2937358652032743e-06,
       -1.4216520932564307e-02, -2.1403402391819881e-02,
       4.5868976724846126e-03, 5.2417858054637549e-02,
       -1.4099735235939329e-02, -1.7654283384923430e-02,
       2.7363697265576935e-02, -2.0502414361282445e-02,
       -7.6820685373585121e-03, -9.4628040645472148e-03,
       8.5881659206956742e-03, -1.7850990924077006e-02,
       2.1588237246234668e-02, -5.0192882360618092e-03,
       7.2178025255037234e-02, -2.1212843729434695e-02,
       -1.0800667952825527e-02, 1.0583950438506729e-02,
       3.3525451758787350e-02, 2.2040083423412175e-02,
       -3.5855440365009733e-02, -2.6044176818794985e-02,
       -2.2353753713769457e-02, -3.5165975043248837e-02,
       -2.4740909302602181e-02, -1.6585207076814591e-02,
       -2.0305006890057771e-03, 2.5767477681729413e-02,
       -9.3372599880235489e-04, -4.3550296875092681e-02,
       1.9837626030838960e-02, 7.5332928232056257e-02,
       2.5265285910330764e-02, -1.3386678447082221e-02,
       -1.8555251595091301e-03, 1.8526424471252488e-04,
       6.7172531557625564e-02, 6.5362623994304980e-02,
       1.5494867003838982e-02, 2.8358022960683581e-02,
       2.9668445852020723e-03, -8.0886792270495611e-03,
       -3.2901967533095142e-03, -3.3649722744172411e-02,
       2.3494689495505292e-02, -1.5811202396156236e-02,
       4.5207330632764053e-02, 1.9996674556557403e-02,
       1.9340488697738537e-02, -2.4467516917301382e-02,
       2.7439090743726732e-02, 5.6497422908856218e-02,
       2.1396948874555941e-02, -7.3723661724972699e-03,
       2.1729928126750030e-02, 3.4327443472221317e-02,
       -1.8326835775343241e-02, -1.0810608982819516e-02,
       -2.8518179968275964e-02, -3.0281337485859511e-02,
       -2.5702870984666264e-02, -1.8821443258275568e-02,
       -4.6106582216175907e-03, 1.0935899384854127e-02,
       -1.5213111477740260e-02, -3.7469472334079566e-02,
       3.0059141013133197e-02, 3.2498620560726811e-02,
       5.6380631972020770e-02, 7.6090141390312588e-02,
       -3.6210237989741927e-02, -2.9368963307485958e-02,
       4.0360192903507404e-02, 5.2581105184268194e-02,
       -2.1473617559710757e-02, -1.0045913367798878e-02,
       -9.9742928920823933e-03, 1.7657445252788059e-02,
       -5.5190311391918340e-04, -2.9584740637879532e-02,
       -1.5907147426396991e-02, -9.0503049927192734e-03,
       1.9729822703660901e-02, 5.3308525523530791e-02,
       4.9355828410050290e-02, 3.0476096156947064e-02,
       1.7015111870257938e-02, 1.8356563818037807e-02,
       1.4004974596096936e-02, 1.6747280820356744e-02,
       2.2315999302337304e-02, 2.2503659887734853e-02,
       -2.5721412918838140e-02, 2.0668728087108443e-02,
       2.5814608085901084e-02, -3.5899415101545984e-02,
       -2.1621640721327062e-02, -5.4210609396167175e-02,
       9.0165572456338411e-03, 1.3020563680380421e-02,
       1.1746427686597158e-02, 1.6796984805347939e-02,
       8.0530735245463031e-03, -5.2615070304890710e-02,
       1.7537284610248293e-02, 2.9343505245458389e-02,
       -3.3442168211744575e-02, 1.8942677628047602e-02,
       2.2357004339405330e-02, -5.0455126479240643e-02,
       7.6930330972493841e-03, -2.0409730683229835e-02,
       -2.0018003804815887e-02, 2.1300291382673534e-02,
       -2.2019408800126893e-02, -2.2151476315979468e-02,
       1.1893392152673248e-02, 2.2416535666847207e-02,
       6.8743158591926812e-03, 1.8849589366215801e-02,
       2.4244115065670438e-02, 1.7755290153889162e-02,
       1.9851863793403625e-02, 2.5074021340300262e-02,
       2.7063811959267967e-02, 2.7090136131742888e-02,
       3.2601744849711851e-02, 4.2662663994648159e-02,
       -2.3273789084603126e-02, 3.9707048112569442e-02,
       -2.4017645615657585e-02, 1.5393702269358479e-02,
       1.3657808158218899e-02, 9.1736355281501550e-03,
       7.9102682600789981e-03, 2.1389561371072566e-02,
       1.2653494286839633e-02, 3.8586041708071929e-02,
       7.8156166397697971e-03, -1.6442825716945129e-02,
       2.5072566139105586e-02, -1.6474844429952791e-02,
       -4.2377848661759927e-02, 3.5566277533736548e-02,
       -1.7970781769749873e-02, -4.0849901312120539e-02,
       3.3000330157936429e-02, 6.4325773566334694e-03,
       5.2056243353848508e-04, 3.5039724652873701e-02,
       -2.7141132108524035e-02, -1.0903361616466007e-02,
       1.9899132662000399e-02, -3.0908616180618572e-02,
       1.4092562972921545e-02, 2.5896434269371139e-02,
       1.8902037365544931e-02, 2.3578483622347712e-02,
       9.3262555790846677e-03, -9.4777976591568242e-03,
       1.8499310577413827e-02, 2.0615662171038048e-02,
       -4.4086317268897260e-03, -2.3189189694345611e-02,
       -7.9894597854829469e-03, -1.3595887387228773e-04,
       -2.4444658048515963e-02, -2.5763888521562871e-03,
       3.7460130913841705e-03, 1.0236144875594442e-03,
       -2.6237415739900058e-02, -8.8570560949953435e-03,
       -3.5178602846351936e-02, 1.1425214253453908e-02,
       -2.1776283965631867e-02, -3.8896051311871523e-02,
       -2.4715850277703542e-02, -4.0889440807761745e-02,
       -3.7440038777697679e-02, -2.5899894593591374e-02,
       -4.9766736791983901e-02, -3.4528200477771928e-02,
       -9.7072514514138022e-04, 1.8393641425164840e-02,
       4.7513382992725686e-02, -1.4530324432037207e-02,
       -3.8891463705709110e-02, -1.4344246230416208e-02,
       2.5383069741434765e-02, 2.7312589592340328e-02,
       3.5604374358509279e-02, 3.3294428077192101e-02,
       -1.0211688002986474e-02, 4.7018280566037053e-02,
       -2.6637155404200877e-03, -1.3187962751433939e-02,
       1.7377586024764982e-03, -1.2449023360582546e-03,
       -2.2080399486506481e-02, 1.5325226315505432e-02,
       6.5123640015582961e-04, -2.4149068915113727e-02,
       -2.3391157086612765e-02, -2.5432066489257346e-02,
       3.3780003971236993e-03, 2.7287424679465051e-02,
       -2.7102488285804731e-03, 5.9693407001771993e-03,
       -1.7913348936054778e-02, -2.9712031029945525e-02,
       -2.5177193076134065e-02, -3.0342736725522658e-02,
       -1.7388993093360484e-02, 4.1551094925935866e-02,
       4.3853206916213819e-02, -7.9957338925584548e-04,
       -3.8855495383218704e-02, 6.2822112943967971e-03,
       -1.9457550530543963e-02, 3.3896446546910805e-02,
       3.6014555184933648e-02, -1.5533121639450293e-02,
       -2.6403780182557516e-02, 3.4754636281423307e-02,
       -9.9481240975109186e-03, 2.9087763805206827e-02,
       3.6545595405799956e-02, -3.3033791923469176e-02,
       -2.7084666985890914e-02, -3.5268280524629139e-03,
       -2.3165418806033442e-02, -3.5276027278228601e-02,
       -2.4186138479664408e-02, -3.0341575734419791e-02,
       5.4072386570406916e-02, 3.0975715506271342e-02,
       1.9053822259333258e-02, -3.1037241655176021e-02,
       2.9689710467671621e-03, 1.0979435360571058e-02,
       3.4623912748962871e-02, 2.3404037663598276e-02,
       2.4811063526587636e-02, -1.5202027823964494e-02,
       -2.6104221329085429e-02, -1.4840369388841369e-03,
       -1.7678268950098875e-02, -4.1049595053251370e-02,
       -4.2668801416049770e-02, 2.0944276592801299e-02,
       4.5339660580522710e-02, -2.8511477844205208e-03,
       -4.3540205453005895e-02, -1.6289825410731665e-02,
       -1.5015040238674129e-02, 4.4719953978690094e-02,
       4.1973307196933603e-02, -2.0748825512984955e-02,
       1.6596740819686383e-02, 1.0376033808190639e-02,
       -2.0778836594735391e-02, -1.0569445918944065e-02,
       -3.5827155814272531e-02, -3.9891002122342659e-02,
       -1.2726084885752539e-02, -2.3811681402237314e-02,
       4.0161876600702230e-02, -2.0286352727386166e-02,
       3.3734653355379004e-03, -5.8980418106297375e-03,
       1.8714863544292949e-02, -2.8167264760227576e-02,
       2.8267468320774636e-02, -1.0268999315794886e-02,
       1.0073386036394072e-02, 1.2143210744657703e-02,
       5.5852423291518086e-02, -6.2913395318978556e-03,
       -1.3254494268150471e-02, -2.7994574394697311e-02,
       3.4019893634403432e-03, 2.5757410201841201e-02,
       1.8024567935045095e-02, -4.2214335231031005e-02,
       -4.2289866020350078e-02, -7.3422252582887506e-03,
       5.9049415264607198e-02, 3.3778792581111786e-02,
       -4.0440050639165531e-02, 5.6054967103385690e-03,
       -2.0225349736382320e-04, 3.8341785817869269e-02,
       4.5827504474512407e-02, 6.6943736314975411e-02,
       2.4194148929874572e-02, -1.4589608714701698e-02,
       -1.2339066464834448e-02, 9.5113640191789618e-03,
       -3.2262477402040995e-02, -4.1107946395844169e-02,
       1.7986226831798634e-02, -1.1731825590218577e-02,
       -7.0662926353557195e-03, -1.2863878614558035e-02,
       -1.6808390536491313e-02, 2.3887954951699905e-03,
       2.2112145895978819e-02, 4.6792842468309330e-02,
       1.4071897032249012e-02, -2.0662333208221950e-03,
       -1.2280183838501881e-02, -8.9917207218513980e-03,
       -3.3442204867623587e-02, -1.7138128126827613e-02,
       2.7956336456013208e-02, 5.9753423694791676e-03,
       -7.0932114893237589e-03, 1.6018124686934213e-02,
       2.9865924219682084e-03, 7.3432140238479061e-03,
       -2.8931815566017982e-02, 1.1738908165286176e-02,
       -3.3104848204304092e-03, -1.2976699925395277e-02,
       -1.6008436082298884e-02, 1.6639531063888331e-02,
       2.3225549491392131e-03, 4.8506650713496823e-02,
       -2.5979808343198161e-02, 4.2489099014583927e-02,
       4.1553551197757818e-02, -2.5484784113923679e-02,
       -1.1851955241104314e-02, -5.5092660931591974e-04,
       1.8474158502485776e-02, 1.0832998321697502e-02,
       4.4949642991198469e-02, -3.0094429515048253e-02,
       5.1268903629948515e-02, -1.2156812054519843e-02,
       -2.0000610309879811e-02, 3.0975209468066235e-02,
       1.4121602606172311e-02, 4.2069028129837593e-02,
       -3.2854523398497912e-02, -2.9453726166693710e-02,
       -5.9377147833484635e-03, -2.9226380150157796e-02,
       -4.2227350590399400e-02, -1.5648546570302445e-03,
       2.4815194434939403e-02, 1.7756176202964817e-02,
       4.0287927516369205e-02, -3.9286791695814380e-02,
       1.9900779080097023e-02, 3.0249558316902486e-02,
       2.7709845686464077e-02, -2.2652851237709153e-02,
       -3.6046142512442862e-02, -2.5748236537232648e-02,
       3.2314903732927266e-02, 2.8548645340377182e-02,
       4.2707506972239670e-02, 3.1324599743222409e-02,
       -2.1039855879154988e-02, 2.8023415819408516e-02,
       2.1864389657316977e-02, -6.4242173023045898e-02,
       4.2032166330469425e-02, -1.1190847376685506e-03,
       3.3494727653569908e-02, 2.3735370033844922e-02,
       3.1115163705126337e-02, -3.6281157968569469e-02,
       2.2809412288790274e-02, 3.1685745139851472e-02,
       2.0052780146956994e-02, 1.5490583861144738e-02,
       2.4078893715350630e-02, 2.7739270444431703e-02,
       -1.2134426943300310e-02, -2.9320701487748287e-02,
       -7.4846026798031503e-03, -2.3097971083748791e-02,
       -3.0049970495313747e-02, -2.1531750149238887e-02,
       1.4217130430851661e-02, 7.9468267189317446e-03,
       5.1800134761925687e-04, -2.4007051664031921e-02,
       1.5572402959365326e-02, 1.6607168091372686e-02,
       1.9568294602203759e-02, 2.7709677460961230e-02,
       -4.4361369985105953e-02, -2.3374866429030118e-03,
       1.1107372810615936e-02, 1.1712123173042894e-02,
       1.0729147672407093e-02, -1.9767711002406377e-02,
       -4.4192753216848596e-02, 2.8322861187193901e-02,
       -1.7240601551032780e-02, -4.7588570958296050e-02,
       2.4528692689671366e-02, 1.5753800860892175e-02,
       7.6432566812212957e-03, 1.8830471891835801e-02,
       1.8556991816154757e-02, 2.2542456402331584e-02,
       1.7600221457512374e-03, -1.9601144940889492e-03,
       1.8437874623898069e-02, 1.6362209662942811e-02,
       2.2969621587458709e-02, 3.5791577672788205e-02,
       -2.8154736294338741e-02, -1.7332138031069689e-02,
       -1.5399037678562046e-02, -2.8993394771147495e-02,
       -3.4685994978834706e-02, -3.7590064021534551e-02,
       -2.4037384512355518e-02, -7.9090897258161149e-03,
       -2.0809156999334770e-02, -2.4515900504357119e-02,
       -1.8720787319752810e-02, -6.9710772009497508e-03,
       -2.3559032964294235e-02, -2.3778067553062634e-03,
       -1.5354963867751609e-02, -5.0537797386459244e-03,
       -7.5640156554300508e-04, 1.4757228131386094e-02,
       1.7278223030506405e-03, 7.3860792338118087e-03,
       9.0118527306848606e-03, 2.2820612900473894e-02,
       1.6323043378479746e-02, -1.8497422458171452e-02,
       1.2789815859289356e-02, 6.6973453759134362e-03,
       1.4522199580092826e-02, 2.1516437234483765e-02,
       2.6223745504730125e-02, 1.1014621962810590e-02,
       5.0651693279347196e-02, 1.5661225497419759e-02,
       9.7985020531863500e-03, 4.8659948941012082e-04,
       2.2853492376242821e-02, 9.2488889306166257e-03,
       -2.4321460043547983e-03, -8.4096905582499697e-03,
       -1.4615503660602975e-02, -1.9377526034699017e-02,
       -2.1099616486496445e-02, -3.6162880277427908e-02,
       4.9452954671835251e-03, 6.6946786181734230e-03,
       -1.7051563792493989e-02, -4.8231829263390190e-03,
       -6.8940392763387768e-03, -1.4731592546742826e-02,
       -1.2845939400283890e-03, 2.1512873801860719e-02,
       -4.8923314635725083e-03, 2.4523776546797535e-03,
       -2.8162039161357521e-03, 2.8487921528127028e-03,
       1.8025943229279896e-02, 5.3762284884410649e-02,
       2.5305839777407250e-02, 1.9444271125966486e-02,
       -3.4835993250002945e-03, -1.9081653219856345e-02,
       2.5006382968796363e-02, 3.0535988193700073e-02,
       4.9279415980156463e-02, 2.3258359773121396e-02,
       2.0093224916081648e-02, 1.0666841471693807e-02,
       -1.8330718840303913e-02, -1.2008049629043154e-02,
       7.9070697705067132e-03, 1.4170725405887850e-02,
       2.9386396428548536e-02, 5.4211565004150447e-02,
       -2.4026906150459736e-02, -1.7747555320585702e-02,
       -1.0403891032249649e-02, -2.3614849539647948e-03,
       1.5414166135158168e-02, 3.2184392386951387e-02,
       -3.4220180173982068e-03, 1.9276203389019458e-02,
       1.3593024183166031e-02, 9.7512865772249168e-03,
       1.0468076239330890e-02, -2.0395518569906353e-03,
       -1.6751312579178505e-02, 1.2798831430035580e-02,
       8.0977607024073205e-03, 1.7444716369536262e-03,
       -4.2278954079272750e-03, 8.5094549009355966e-03,
       -1.2420905754901977e-02, -7.3366357969856149e-03,
       4.2699301666827179e-03, 5.2295117124774061e-03,
       -1.5747706962824959e-02, -2.4985137299052735e-02,
       -1.5282617197257441e-02, -2.7816853370825130e-02,
       -1.8814828810064577e-02, -3.7959582387338334e-03,
       1.1781227071361098e-02, 3.0833693529027789e-03,
       1.6895492119751276e-02, 1.2217106027495265e-03,
       -1.6284134239829256e-03, -9.9546944641798387e-03,
       2.0494874483671426e-02, 1.5338395456654393e-02,
       1.3588952961736591e-02, -1.8701828944913037e-03,
       -1.3976700241719507e-02, -1.4254954107111159e-02,
       1.5478318871001918e-02, 9.2766393755391134e-03,
       4.0377899468205851e-02, 3.3324829079848156e-02,
       1.2252805560804067e-02, 2.8160966593508571e-02,
       3.7641582874214853e-02, -2.2802768693821335e-04,
       1.2552584176845311e-02, 2.8101211274575447e-02,
       1.3224118202451306e-02, 3.4408697088560550e-02,
       3.3888507176097326e-03, -2.0026109288509807e-03,
       1.5008017604517894e-02, 2.7371260015186243e-02,
       1.4000434883850039e-02, 1.5795419475587300e-02,
       -1.6671913053780841e-02, -3.9043601839169870e-02,
       -4.9421057387231612e-04, 2.5394041656163525e-04,
       -7.6112453795706622e-04, -5.7395267342389231e-03,
       -5.1318748612078878e-03, 1.3804034300468945e-03 ]
