%YAML:1.0
bias: 1.6832536156046489e+00
beta1: -2.6502237160881519e+00
beta2: -3.0063626292226781e-01
width: 6
height: 6
orientation: 31
data: !!opencv-matrix
   rows: 1116
   cols: 1
   dt: d
   data: [ 2.6429168309145920e-02, -1.5955517663833366e-02,
       -4.9870245305361069e-03, 3.7502355182779674e-02,
       2.3337072319036426e-02, 4.7159589152644441e-02,
       -2.8321519846593257e-02, -1.9470381858526512e-02,
       -2.8786741196131411e-02, 1.2525675922799525e-03,
       3.1183613414875471e-03, 5.9055110873787266e-02,
       -4.4112583360962770e-02, -4.9096119672220412e-02,
       -2.9350657541310582e-02, -2.0779570905314560e-02,
       -3.0474416821083651e-03, -5.1891088829806198e-02,
       -5.5526520058697681e-03, -1.9686164396359260e-02,
       -2.1761787422197677e-02, 3.0301576580565322e-02,
       -3.2003093968513349e-02, -2.9104827831835225e-02,
       5.7108369949108798e-02, -2.0106277736378544e-02,
       -5.0706348202192726e-02, 5.9498475306334522e-02,
       2.6515591404915252e-02, 1.4120594926445931e-02,
       4.8177067674913386e-02, 2.5234806192010600e-02,
       3.0935316888016075e-02, 4.4553932473824595e-02,
       5.9926558128186522e-02, 1.4733605727482661e-02,
       4.8113736665036315e-02, 2.8041965774712223e-02,
       1.9918057961812952e-02, 2.8786970618878884e-02,
       -1.6298593586180753e-02, 3.6993489340567731e-02,
       6.6917310724161332e-03, -1.7762833947965493e-02,
       -2.3357410422724163e-02, 1.8938698896469319e-02,
       -2.6475098627767271e-02, -1.2419704975109743e-02,
       -2.5816043074660074e-02, -9.5534977600203203e-03,
       3.8256858230893199e-03, 1.7144151588592959e-02,
       4.3640798674612338e-03, -2.5298979235798581e-02,
       -1.9063759009507089e-02, -2.3387514733490090e-02,
       6.4134449375412824e-03, -1.2061360327139288e-03,
       -2.7545815172010494e-02, -3.3737527842723207e-02,
       1.5656302900910149e-02, -9.0693497483868239e-03,
       2.0020607648313562e-03, 6.2871267776018369e-02,
       -4.4012710457099147e-02, -3.2617861813372936e-02,
       -2.6668920354209168e-02, -4.2763637504949301e-03,
       -2.2443854060933372e-02, -5.0388439808508025e-02,
       -3.5397742873201347e-02, -1.2694670013629653e-02,
       -2.2942207205931760e-02, 8.2057565116382715e-03,
       -1.1719785787947714e-02, -3.0241690250111669e-02,
       -3.7211998977028933e-02, -1.2937417572000506e-02,
       -6.5497918353091458e-03, 2.3683469947939906e-02,
       3.6337151283186167e-02, 1.0654757836818024e-02,
       1.8215290470296056e-03, 8.6899734439594856e-03,
       -2.3664216830528294e-02, -4.2288620842701255e-02,
       -6.5539808949671490e-03, 4.8043648989779236e-03,
       2.1833774398045246e-03, -4.8106135519340341e-03,
       1.5348032931767654e-04, -3.2966098698689793e-02,
       2.1858538174298586e-02, -8.1617033218460457e-03,
       -3.1145863471045268e-02, 1.3860996475722701e-02,
       -2.8879511769195681e-03, -1.0300359244897105e-02,
       -3.1193357678006482e-02, -2.2052488011646703e-02,
       -4.5471004373664567e-02, 4.0229898551469724e-02,
       -5.4727535890473989e-03, -3.7298391985501485e-03,
       3.5218293870665940e-02, -1.1912231181691643e-02,
       -3.0352162476368696e-02, -2.3438510354382332e-02,
       -3.2626994011075092e-02, 1.3872929588601778e-02,
       -1.6244656593610594e-02, -1.5557544829317101e-02,
       -6.7641196439341064e-04, 2.0852845867230241e-02,
       -3.3006929783323362e-02, -1.7942250553533465e-02,
       -2.7743687341458288e-02, -2.3155764767154609e-02,
       1.5700273702915053e-02, 1.0583999539318198e-02,
       -2.3668621213514152e-02, -3.2018120302981463e-02,
       -1.2372258575874279e-02, -2.9417088911923329e-02,
       -1.8184141541966372e-03, -1.5662753120903351e-03,
       4.7715374423119183e-02, -2.8437444784971677e-02,
       -3.0112881440419691e-02, -3.4484450281040621e-02,
       -3.6945286603481224e-02, 9.2075490952738287e-02,
       2.6473948663800831e-03, 1.0855798358733952e-02,
       -1.5568424884934269e-02, -1.4261501926244383e-02,
       -3.2979305157070621e-02, 8.1447220258132919e-02,
       3.2855953348101732e-03, -1.5097320948701996e-02,
       -2.3414908411723327e-02, -1.1724114890098017e-02,
       -3.7882399622805839e-02, -1.1577288590509473e-02,
       4.9369183407960929e-04, -1.2317305612589199e-02,
       -9.1641409130363612e-03, -2.2112065956689464e-02,
       -1.8779090210533214e-02, -2.8121736308650471e-02,
       -3.0696965035554184e-02, -2.8402147818771154e-02,
       -4.7325134970138362e-03, -2.2944162436108358e-02,
       -1.5006084035548008e-02, -7.2916742968129012e-03,
       -5.5592610481460273e-03, -1.9125878719777174e-02,
       -1.4566682853080526e-02, -1.8925010489096915e-02,
       -2.1262851073585630e-02, -3.0429912885032606e-02,
       -6.4291865430599476e-03, -7.1420747274684674e-03,
       -1.0572647583067106e-02, -1.5594705934049031e-02,
       -2.6369165681813495e-02, -1.1684546729214453e-02,
       -2.4661509466047671e-02, -2.1244284221177433e-02,
       -5.9571591095338187e-03, -1.0135937933274644e-02,
       3.6534737417188726e-02, 5.5004577571637250e-02,
       -3.4534624933249665e-02, -2.9051828658543992e-02,
       5.5932338354286164e-03, -2.2548650793374876e-02,
       -4.1943238883936508e-02, -2.2939756459770064e-02,
       -1.2437951794153556e-02, -2.2979934154748298e-02,
       -2.5185537122489551e-02, -1.6754717136513751e-02,
       -1.9073981982052308e-02, -7.2566224261766381e-03,
       -2.8823098194990952e-02, -1.9570889679090618e-02,
       -1.0330176621943316e-02, -5.7433499098561895e-03,
       1.0078506467305787e-02, 1.2513575333657557e-02,
       -2.1392796805795256e-02, -8.2513659138354657e-03,
       -1.3707169607284851e-02, -2.2914649346239414e-02,
       -1.3998667649507362e-02, -1.8207846180151210e-02,
       -2.6645369475261964e-02, -2.9847045290932527e-02,
       -2.9288711664246771e-02, -1.4850118052210306e-02,
       -4.8648041844735600e-03, 7.8763828336446007e-03,
       -2.3319382436922838e-02, -3.3477423477763349e-02,
       4.1794056094809654e-03, -1.0759018486672104e-02,
       1.8440248646270294e-02, 4.1742272573490655e-02,
       -3.2077334362007673e-02, -3.1762656949606699e-02,
       2.8804504210838348e-02, 1.3393947164900794e-02,
       -7.9741438420209351e-03, 6.8041963017877486e-03,
       -1.1061695424993176e-02, -2.4793480449173032e-02,
       -2.1771985874372273e-02, -1.7658222708921874e-02,
       -4.4433687463144951e-03, 6.8354693566698051e-03,
       -9.7625788230183315e-03, -1.1466630607192460e-02,
       -3.7528955606899554e-03, 1.7264925639572944e-02,
       -1.7482353311383956e-02, -2.2397527777222266e-02,
       4.8049201512842862e-03, 2.0176601631573834e-02,
       5.7609615509378051e-03, 5.2236714729853966e-03,
       -1.8244958229755276e-02, -3.4172271371863641e-02,
       7.9799020016730580e-03, 4.4925328413087842e-02,
       -9.3641274590142275e-03, -1.9053221721613875e-02,
       -2.4468009758570542e-02, -2.1620902951027268e-02,
       -2.3275439095859465e-02, -3.5352750666908732e-02,
       2.3404053034312242e-02, -1.4856419771814434e-02,
       -1.8947266110530849e-02, 6.2812573947582410e-03,
       8.8300292709154043e-03, -3.5370241049690256e-02,
       3.0425991172442993e-03, 3.4393913594002311e-02,
       -5.6837799478350482e-04, 3.7079374764448815e-03,
       -5.4896570917968672e-03, -1.8383030570909169e-02,
       -7.7839366923952184e-03, -5.8489088436867818e-03,
       -1.6125913284355613e-03, 2.8704703796097412e-02,
       2.9814917596916100e-02, -6.3646443852211623e-03,
       -7.6961008460150523e-03, -1.6294284684864897e-02,
       -1.0074897544064473e-03, -1.5132795697556467e-02,
       -1.1753387021637014e-02, 1.5487265707603017e-03,
       -2.5673696872082239e-02, -3.6429924493753027e-02,
       2.9688852208144264e-02, 4.7802233752884435e-02,
       8.4392849003719905e-03, 6.2438361724342709e-02,
       -2.4257396462417355e-02, -3.4745530499924127e-02,
       -2.7355988462220461e-02, 3.7980662241687314e-02,
       -2.5418183178727904e-02, -2.9076317548466839e-02,
       -1.6744099149243106e-02, -2.7901427169152740e-02,
       -2.5562042587553135e-02, 2.4665286917074498e-02,
       -2.0562608538784412e-02, -3.3939789355163202e-02,
       -6.5220743156781313e-03, 1.0784112656022518e-02,
       8.0688785838603418e-03, 7.0516319258732529e-02,
       3.7040692135345827e-03, 3.4903005702152878e-02,
       1.3896660541687731e-02, 7.5598849147343924e-02,
       -1.7492084171143920e-02, -2.7833058835683631e-02,
       -4.3794695960565413e-03, -8.7034623944866035e-03,
       -2.4229473208438178e-02, -1.7991466675319725e-02,
       -1.4267781094267084e-02, -2.1469994241289422e-02,
       -2.4286643783279997e-02, -1.4530520703676119e-02,
       -4.4636504341231426e-02, 4.0933626131546219e-02,
       6.9609507594416531e-02, 4.0019381024503503e-02,
       -4.5000928252488474e-03, -1.0125683887559633e-03,
       -4.3416294363461491e-02, 9.8577273178858810e-03,
       7.6265196158348689e-02, 1.2206762949373192e-02,
       8.3202409795048674e-03, -7.5258879068951425e-03,
       7.6037328068809529e-02, -5.1537003067021435e-03,
       -4.1277950662683249e-02, -3.2085222654738989e-02,
       -4.9057133147472134e-05, -1.7013060027442673e-02,
       -3.2027378968055763e-02, -3.3195423403550887e-03,
       -2.9251572630530829e-02, -1.0157644707300654e-02,
       5.2897178496849932e-02, 4.5103075796976783e-02,
       5.6938162737705605e-02, 6.0657595862837477e-02,
       -2.1603137305625939e-02, 3.8326853166198403e-02,
       -1.0239285495356279e-02, -3.1000024407910796e-02,
       -3.5015284771027312e-02, -4.9508065141213198e-02,
       -3.8814793911341954e-02, -2.0213407755967156e-02,
       6.9000518620611878e-02, 4.0567289533861718e-02,
       1.7559166757139075e-02, 3.7362337547729364e-02,
       2.7617156136146723e-02, 2.9182469074483814e-02,
       3.7284830182411542e-02, 4.2060253433402403e-02,
       1.4827344405696014e-02, -5.1346303928689434e-03,
       3.8821808923771205e-02, -1.9831410441399678e-02,
       3.0921708911329199e-02, 4.1837185118031315e-03,
       -4.9704622248439691e-03, -6.6339833674155437e-03,
       -4.6566423970128008e-02, -6.3970381539406700e-03,
       8.0824317560178327e-03, 5.3646334443147932e-02,
       -3.7072457520710214e-02, -4.0320110883996674e-02,
       -4.2238489422348459e-02, 7.4970581263869157e-02,
       7.2601038432700160e-02, 1.1821191058607843e-02,
       -1.7326010742140456e-02, -2.3256703088255695e-02,
       6.3327916246662272e-02, 2.0367103957615915e-02,
       -1.0801400349875813e-02, -1.9738143354744584e-02,
       1.9749977058079925e-02, -1.3534939917882040e-03,
       2.5638718230471674e-03, -1.1283112087342700e-02,
       6.4806857863504971e-02, -9.9122182462807375e-03,
       3.0133917318781310e-02, 3.5386141402131505e-02,
       -9.8319242654688836e-03, -5.7035662870986749e-03,
       2.5321755051605017e-02, -1.6829097499086627e-02,
       5.0733661827740521e-02, -2.5065817629451620e-02,
       -3.7169763861488160e-02, -2.9748995998020104e-02,
       -4.6810869219462786e-02, 1.6422479339495469e-03,
       -2.8428813008712021e-02, 4.2001562725844856e-02,
       3.8276166450991046e-03, -3.9079517445862084e-02,
       2.8402169988894419e-02, 6.2462431005510327e-02,
       4.9613462646695330e-03, -7.7683368513389549e-03,
       -2.6236030987765405e-02, 3.9300265051999753e-03,
       -9.0894103571124395e-03, 9.5026625205070735e-03,
       -2.6754148173053285e-02, -1.3212322327899503e-02,
       -1.1100675553865506e-02, -1.8650371427574409e-02,
       4.1298075342245985e-02, 7.3976640216170356e-02,
       -1.2897220224914751e-02, -1.0750200711625128e-03,
       -3.2368512636510695e-03, -3.5433841543694625e-02,
       3.8370225545996152e-02, -6.7709184167651319e-03,
       5.6285978616468321e-02, 2.7749122297106889e-02,
       -4.2114924435000686e-02, 9.1023872574032688e-03,
       4.1221609204017635e-02, -1.8860839597060280e-02,
       1.9044782593442073e-02, -6.5297953916053867e-03,
       -1.8805921629698640e-02, -4.8776129598303922e-02,
       -1.0574800954095982e-02, -3.8561784140909773e-03,
       -1.3211191800398933e-02, 6.2529811963194737e-02,
       1.7209607831406352e-02, -2.7590104785257710e-02,
       4.4357025383515616e-02, 7.3797938501312423e-03,
       -2.0001777218499415e-02, -4.1520868853936362e-03,
       -5.3787465644121041e-03, -1.5411379755363531e-02,
       -5.1701261054437238e-03, 5.1396766778091130e-02,
       5.2428528867139626e-02, 2.5170432420858077e-02,
       -1.1705614023078216e-02, -2.1591327815683549e-02,
       -1.7508622060827621e-03, 6.1981413164553134e-02,
       4.0479139214267389e-03, -6.0425541963975062e-04,
       1.8500095643353365e-02, -2.0228948386372150e-02,
       -2.5735679196464177e-03, 4.0638957834575905e-02,
       4.2300787567661771e-02, -7.5573931858044265e-03,
       -1.5461762820602820e-02, 5.1207714269208449e-02,
       -2.1639469712303942e-03, 1.4860390318636131e-02,
       7.0476033564821239e-02, 3.5625458967759357e-02,
       -2.6606517869038181e-02, -3.2510036696417541e-03,
       -2.7796830845887542e-03, -8.4070133534195745e-04,
       -1.0037615362773854e-02, -6.0729123589173522e-03,
       -2.1837804021009384e-02, -2.9606118637828291e-02,
       2.1533795012431854e-03, -1.1693724040562004e-02,
       -2.8873850756317279e-02, 7.4082793703608586e-03,
       4.4394084675991846e-02, -2.6772945923115448e-02,
       -1.7828102049946049e-02, 4.7249090301891700e-02,
       4.9366868601482379e-02, -6.1442164453544114e-03,
       -2.9602560367367513e-03, -2.9022778665304401e-02,
       2.9547764074001538e-02, 3.7059123614579262e-02,
       1.1317831629313366e-02, 2.4453808450709342e-02,
       8.7410520029038048e-03, -1.9225648392976007e-02,
       4.3700122539021856e-02, 3.3881038808925082e-02,
       -1.4233104552719370e-02, -2.0868197277013261e-02,
       -2.6930257479350024e-02, 6.0115220653166844e-03,
       -3.8836003945129311e-03, 7.1050747120544166e-03,
       -2.1065693054709081e-02, 4.8237144943577039e-02,
       1.1423424272366617e-02, 1.5291794305602372e-02,
       -4.8552161563876831e-04, -4.3778780409145729e-03,
       -3.0922371047170220e-02, 1.1458122181005960e-02,
       3.6561785602708230e-02, -3.8894667717322536e-02,
       -1.9042136723767727e-02, 3.8199064212039932e-03,
       -4.6133814561379717e-03, -1.1122350788909045e-02,
       -1.3341867807428276e-02, -2.9636560297770880e-02,
       -5.8546216177426252e-03, -2.8215297667695590e-03,
       -7.7850278538027775e-03, -2.4130779667683157e-02,
       -7.3617890065948996e-03, -2.3891062286430099e-02,
       -2.6187506813180779e-02, -2.5167419376835001e-02,
       -1.1437270977738053e-02, -1.2036708815111673e-02,
       -6.7448488532333411e-03, -1.0126983168477051e-02,
       -8.3428068707035140e-03, -3.5835572155678660e-02,
       -8.6444987024133224e-03, -1.6399709687056167e-03,
       -1.8632989259521122e-02, -1.2141565259957288e-03,
       -1.1564412966719442e-02, -2.4325244134648843e-02,
       -1.5996831624142560e-02, -1.2653877265853347e-02,
       -4.0377626197600006e-03, -6.2192447520844968e-03,
       -1.0727534514993775e-02, 4.0232462808069566e-02,
       2.1190418302750796e-02, -1.5775549760168015e-02,
       -2.1787371869480881e-03, -3.8680761910207924e-02,
       -2.0758142018807879e-02, 3.7962703958338784e-02,
       4.3826991111151625e-02, 8.0714856541295177e-03,
       1.8082969593983044e-02, -1.8508686391607940e-02,
       7.3281515053871621e-02, 2.0078753400432914e-02,
       -1.0202415549293554e-02, 8.7145988934124886e-03,
       -1.3640984141751186e-02, -4.6580045770766932e-03,
       1.3783355647298358e-02, -5.1906344147050762e-03,
       2.2138801943338464e-03, -2.4714756513778524e-02,
       -1.1316868768925705e-02, -1.6932592519358667e-02,
       -1.5735853540666412e-03, 1.0896065526487725e-02,
       6.7087391791869379e-03, -1.8702215182329875e-02,
       -1.7201721007260588e-02, -1.5751517574706005e-02,
       -7.4722913931571100e-03, -1.4546183432583751e-02,
       -2.7978858978576646e-02, 6.7557260464090000e-04,
       -7.8977813711418685e-03, -3.2139467848029410e-03,
       -2.3523823064277638e-02, 8.1633085901920019e-02,
       4.7061955992463565e-02, -1.4946507649398784e-02,
       1.1049755343146530e-02, -3.8107581279576766e-02,
       -2.1022754153348443e-02, 2.8283192542198431e-02,
       4.3355424845062218e-02, -1.0868306742097275e-02,
       1.0055903953521178e-02, -4.0544754610258908e-02,
       -2.1915945739987078e-03, 5.3935677069736759e-03,
       1.7145130608709862e-03, 2.3555700957353234e-02,
       4.3066210811371283e-02, -5.2487322035941475e-03,
       5.5517046521358013e-03, -2.0182261283765861e-02,
       -9.2931078593337362e-03, -2.4302643092157829e-03,
       1.7708918354731554e-02, -1.3699767841916233e-02,
       -1.6052981724588036e-02, 3.8728608248411421e-03,
       3.7667300132544233e-02, -3.9502460791251345e-03,
       3.7488595889053553e-02, -2.3561197917625985e-02,
       4.6800251702829102e-03, -1.3614214773733074e-04,
       -7.7284342978293716e-03, -3.2910889311407697e-03,
       5.1051094911552320e-03, -3.6877655818392904e-02,
       -2.4072056610449463e-02, 6.4959020698985501e-02,
       -2.8670671558452498e-02, -1.5710830073693442e-02,
       2.9493684809338599e-02, -4.0739072498810168e-02,
       -6.8971411200762864e-03, 1.3338573766471122e-02,
       -9.6423780717173509e-03, -2.1209315495908498e-02,
       1.4735550007438557e-02, -3.0052490199521428e-02,
       -1.7305182354232937e-02, -3.6740353247013177e-02,
       6.3346117269524368e-02, 5.5576320067017737e-02,
       5.4488276279119195e-02, 1.6518018491248694e-03,
       -2.4362437073861452e-02, -1.1775275317450644e-02,
       1.3870411362334183e-02, -2.4432734511033685e-02,
       3.8060637636670391e-02, 1.8160885974409104e-02,
       -4.1082073696920955e-02, -2.0595287786619829e-02,
       -2.0558961970177134e-02, -2.9722128034516095e-02,
       5.6946405315282805e-04, -4.0305901470898679e-02,
       4.5750729273897929e-03, -6.0570099179260871e-03,
       -1.0407578052918771e-02, 1.8102929225657944e-02,
       -3.2314767188928867e-03, -3.9027124977903477e-02,
       5.9716746595858107e-02, 1.8192502587109440e-02,
       -5.4757191793241386e-02, -2.3254073810099552e-04,
       -6.5003088009988929e-03, -4.3309788579955009e-02,
       -2.4406210296273028e-03, 5.2084430417013737e-02,
       1.0165758893636998e-02, 3.6832966233020653e-02,
       6.9412884942156028e-02, 3.2511207997293887e-02,
       9.3438162760518997e-03, 1.1147104187811823e-02,
       5.6826068903291782e-03, 3.8159929121200920e-03,
       3.9963917463430951e-03, 1.6882908683009571e-02,
       -9.7622469369617534e-03, -3.1276130636853819e-02,
       -3.8485798042914500e-02, -1.5614198393494039e-02,
       9.6759887312940565e-03, 2.3639785233679256e-02,
       2.7921930908955905e-02, 1.2020951107277661e-02,
       7.0460700579519234e-03, 1.5967836968256072e-02,
       1.3255620769347814e-02, 4.6864770189918798e-03,
       1.7859688418778566e-02, 2.9349809418974582e-02,
       1.0345090157182740e-02, 1.6326281866908640e-02,
       2.9105380822531255e-02, -2.5245371229543023e-02,
       1.2260420008595337e-02, 5.4066389016048438e-03,
       -3.2995228009522704e-02, 1.2500271050902222e-02,
       -3.3425382551630859e-04, 2.7855209375463468e-02,
       1.8381101202867317e-02, 1.4606336288500488e-02,
       1.8857782578578241e-02, 1.5223039781618129e-02,
       2.7772214756143380e-02, 1.9617512052600705e-02,
       1.3458053628054700e-02, 1.2467387332017483e-02,
       1.5474789256373800e-02, 1.6183188768807356e-02,
       2.0919811254350239e-02, 2.4335015198550983e-02,
       1.0324723301265794e-02, -5.2211859583240500e-03,
       1.3864297731638166e-02, 2.0100551554584026e-02,
       1.2864359307000941e-03, -4.2835528766175506e-03,
       2.5465116748221415e-02, 6.5590292846521032e-03,
       1.4318938168451601e-02, 8.4324794721546605e-03,
       1.1291123036914362e-02, -1.9079323286713430e-02,
       1.6411352100666257e-02, -1.7569430423249027e-02,
       2.0528991980598033e-02, -2.6264706090410560e-03,
       -5.2539772419396495e-02, -4.7101746263705765e-02,
       -5.0562062616275102e-03, 1.1884223521014488e-02,
       -1.1096994580899161e-02, 1.7366540297420706e-02,
       -1.9932173450194681e-02, -5.0952284285840047e-02,
       1.4262407616522275e-02, 2.6653244673217582e-02,
       2.9527465472855337e-03, -3.8178105379885655e-02,
       -4.8279470434032322e-02, 8.5544778404465990e-03,
       -1.9640908481644331e-02, 2.4787022920074460e-02,
       -2.7620529215125408e-02, -3.2830884741587685e-02,
       -3.7425263240982519e-02, -2.3359869032896594e-02,
       3.4520303225143510e-02, 2.9004856212185046e-02,
       2.5558739050623294e-02, 2.5065943991723964e-02,
       8.0816146577204484e-03, -1.7179156079240542e-02,
       2.4315078406946813e-02, -2.3109219512976533e-02,
       3.3556361259116207e-02, 3.7896678916216446e-02,
       -2.9483591762933244e-02, 1.7399505672859729e-02,
       3.8775800381811568e-02, -4.1831145630309111e-02,
       4.0766568294575409e-02, -3.3134738699985289e-03,
       -3.7570813974364230e-02, -1.9433372980166664e-02,
       -1.1195828325556191e-03, -3.8925106689525514e-04,
       -3.5129238185994463e-02, 4.8514269723653664e-02,
       -1.5572437238188321e-02, 2.6923928609753529e-02,
       3.5444616441088858e-02, 1.5517878692029190e-02,
       3.2137058481555812e-02, -6.5357045188906811e-03,
       -2.0871263039948618e-02, -2.9153562570375470e-02,
       -2.6640238301465054e-02, 5.7020851292409622e-02,
       4.4834038944639033e-02, 1.7401206280240077e-02,
       -5.9472725117089287e-03, 6.4769208419821426e-03,
       -2.5675287441115469e-02, 4.2481115334330015e-02,
       -9.6926718127207014e-03, -1.4651398419410693e-02,
       4.0651421871036597e-02, -1.0154182097907049e-03,
       -1.5089686595012407e-02, 1.8689094941027308e-02,
       4.0571263897527687e-02, -2.8363309470624470e-02,
       -9.7842500629469354e-03, 5.8265956597397937e-02,
       5.3981378365527806e-02, -5.7138394190398550e-03,
       4.6421345012288048e-02, 1.1069690767375871e-02,
       -5.4745554507358837e-02, 5.2872911645602511e-02,
       6.8374933087487315e-03, 1.9372441215589873e-02,
       -1.7204309943118952e-02, -9.6302596782855236e-03,
       -4.1909374161000032e-02, 4.9568223871902690e-02,
       1.4549484356505816e-02, -1.9459195281925374e-02,
       -4.5677640382466148e-02, 3.2525911704035402e-03,
       2.0053931423233085e-02, -2.9785150007331361e-02,
       -9.0649220369373607e-03, 4.3241298046672601e-02,
       4.7581609594911548e-02, -2.1284935225159510e-02,
       -1.5034276959261740e-02, -4.6493964261945207e-02,
       6.6681472808614089e-03, 1.8256149782511926e-02,
       1.5872689194773679e-02, 9.5271581346093523e-03,
       2.6337800350801840e-04, -2.0119077243809399e-02,
       4.2710416888803962e-02, 2.5690471031657534e-02,
       -2.1004117269944285e-02, -3.2501020387095285e-02,
       -4.0999823237488950e-02, -1.4241068131590038e-02,
       -2.3265001105366332e-03, 7.2000013530767251e-03,
       -1.9935715326832623e-02, 4.0906808461980540e-02,
       -6.1769765261729332e-03, 2.4426898976494194e-02,
       -1.8785746855632196e-02, -1.8071404891127785e-02,
       -2.7876184614739834e-02, 9.8046680579614888e-03,
       5.9908546004629942e-02, 2.9244823578946644e-02,
       -4.5979165781158092e-02, -1.8348360312500377e-02,
       9.3294554634437542e-03, -2.4077540413144003e-02,
       -4.0247221969393669e-02, -4.5554611107163440e-02,
       -1.1327255943361420e-02, -1.8011997780673344e-02,
       -2.4463631440245520e-02, -3.3944015538138382e-02,
       -2.0034693626269112e-02, -2.2609853043089604e-02,
       -4.7373778631321944e-02, -3.8097280088700072e-02,
       -1.5098292455941428e-02, -1.1170435787947287e-02,
       9.7164554607446739e-03, 9.0161294209221490e-03,
       -2.0857570809964046e-02, -3.5671460451250706e-02,
       -1.6052703709631314e-02, -1.8255655714878194e-02,
       -2.5493096113842113e-02, -1.2576561616191360e-02,
       -3.1664813726470606e-02, -4.6014044111787444e-02,
       -3.7744683050842706e-02, -2.0031543357051297e-02,
       5.0001538044419907e-04, 1.3076430692910864e-02,
       -2.6803692150060832e-02, 1.3760435168899771e-02,
       3.7375411358605504e-02, -1.7495359551039345e-02,
       3.1182280148005798e-02, 1.9401448019100535e-02,
       -4.5673774519101949e-02, 1.8036436161270417e-02,
       5.7787636375161162e-02, 3.1323986203150245e-02,
       2.3290540633830920e-02, -1.9744281837745428e-03,
       6.4235181487987111e-02, 2.3498480800262199e-03,
       -2.5379084527498371e-02, 1.9413521829208793e-03,
       -1.0134334759519019e-02, 1.0586306504853434e-02,
       1.3417566052775370e-02, -7.6922860798271783e-03,
       5.9366097413829947e-03, -8.2536956996370368e-04,
       -2.2335044192972067e-02, -3.2693060824441171e-02,
       1.4499264374053421e-02, 3.8658622908766642e-02,
       2.0154954188060833e-02, -7.0085866462826288e-03,
       -2.8062536291360955e-02, -4.1384112657458123e-02,
       1.3339041121108737e-02, 4.3473204148429985e-02,
       -2.9558467675665081e-02, -9.6580328886705490e-03,
       -2.4359118016307274e-02, -1.5725599263511685e-02,
       -3.9854031656916609e-02, 4.6053655187829078e-02,
       4.5455987491527440e-02, -1.9229321680292569e-02,
       5.6516087294897037e-04, -2.3478350889993036e-02,
       -2.7717319849163871e-03, 8.3352182408200966e-03,
       4.4856743063675299e-02, 3.5292368292920012e-02,
       2.0606461430299726e-02, -2.5301821680008666e-02,
       1.4393677190036587e-03, -5.5252053378429620e-03,
       1.1846491956950243e-03, 3.1148773791639293e-02,
       5.0315583980407093e-02, 3.8271267006495191e-02,
       4.3515936968098766e-02, -1.9848324599877714e-02,
       -9.5383823206262493e-03, -1.1749548224287133e-02,
       2.7439471747404947e-02, -1.7364249276457168e-02,
       -1.8443200673560652e-02, 1.3601000155987487e-02,
       2.0598090258332768e-02, -3.3499054274238556e-02,
       5.7814592949811679e-02, 4.1104097094650648e-02,
       2.7422248658888100e-02, 3.7838085445804720e-02,
       -2.2278840207584794e-02, -3.0373558188381486e-02,
       -1.0499262271697216e-02, 1.9515963834794234e-02,
       -4.1650884645805498e-02, 3.5747289608705365e-02,
       -2.1057841926128706e-02, -3.0575593882585392e-02,
       1.2149237780254446e-02, -5.9884167061327181e-03,
       -1.8995464072448384e-02, -6.1948481875383817e-05,
       -5.9247095602366247e-04, 1.2392022051417890e-03,
       3.1327505085063621e-02, 4.5086041385871335e-02,
       3.0297153235714688e-03, 1.5168364082606363e-02,
       2.6365470420234023e-02, 1.6578422801134904e-02,
       1.6629389510190891e-02, 5.6186055116977723e-03,
       -1.5928234125996612e-02, -8.9483502478761925e-03,
       4.1682675795414815e-03, -2.3750588362086197e-02,
       2.7998128807875021e-02, 2.1147705309295696e-02,
       -5.6720565111949783e-02, -2.6150223583877603e-02,
       -5.1089528942876918e-02, 2.4718357410667829e-02,
       3.2724063501322696e-02, 2.5366867714379029e-02,
       1.6396723000417522e-02, 4.9761324281365144e-03,
       -3.9094341480597358e-02, 3.5110242143484072e-02,
       3.2928590625143896e-02, -7.6167689327478715e-03,
       2.9969952089115869e-02, 2.1403323636314454e-02,
       2.6643511886824241e-02, 1.5169384185923854e-02,
       -3.1004725951551040e-02, -6.2688469244357919e-02,
       1.4251008464443696e-02, 1.7107372524000450e-02,
       5.3788537776572679e-04, 2.9198067640938161e-02,
       3.7391728407306715e-02, 2.4180366718260540e-02,
       3.6243846839963375e-03, 3.5665606122804172e-03,
       7.3757027805787254e-03, 2.2495400096682577e-02,
       5.3790397300739383e-03, -4.9827683486980325e-03,
       -1.5007089210274827e-02, -2.6158960423911318e-04,
       -8.7710035688490992e-03, -1.4803101128858298e-02,
       -1.3912751471177511e-04, -1.8022780872785582e-02,
       -4.8621265927161440e-03, -1.1935643421463367e-02,
       -7.2901157588102176e-03, -5.3618023052785955e-03,
       3.8360378011591391e-03, -2.7342197499650375e-03,
       6.4783129889003600e-03, -1.5878918030538570e-03,
       -7.6855491556089162e-03, 3.9921585451006738e-03,
       -1.0571003795395148e-02, 3.6349692545253652e-03,
       -3.6402862838270178e-03, 1.4167414571320302e-02,
       -9.4214576770377222e-03, 1.8499010470173993e-02,
       -6.0262219378240511e-03, -1.2546463092863447e-02,
       -5.4179990098151415e-04, 2.5043763554110893e-02,
       1.5421344240310667e-02, 6.5558826060894545e-03,
       -3.5381483211507731e-03, -3.1337497379829143e-03,
       3.0992335013166165e-02, 3.2920818441339053e-02,
       2.7947025050639791e-02, 2.5304058577533310e-02,
       5.0474861965688926e-03, 8.0392778874028362e-03,
       1.5994348584604995e-02, 1.4681162281325787e-02,
       1.3452546008553168e-02, 5.1340981228796536e-03,
       6.4173795095776491e-03, -3.8065060737945801e-03,
       -2.4105413228645836e-03, -1.7259153883911063e-03,
       1.9345328360213951e-02, 6.9051796159114980e-03,
       6.5240781688458323e-03, 5.5739080232152819e-03,
       1.2696019544835369e-02, -4.1288019520362602e-03,
       8.6460768238483445e-03, 1.2183233914912573e-02,
       -4.8051789725143184e-03, 9.6520528122209012e-04,
       1.1034385525007647e-02, 1.1082189089715092e-02,
       9.5716853341995360e-04, 2.3155482391229439e-02,
       4.7448312655286162e-03, 4.0465846015425976e-04,
       1.6452046779446571e-02, 2.5154489452930015e-02,
       1.9469727488598845e-02, 1.4760054636483942e-02,
       1.2798654352402333e-02, 1.1603267531077974e-02,
       1.8690550706953264e-02, 9.3738064096215226e-03,
       6.2324416643567979e-03, 2.2450748449431096e-02,
       1.2192125722334687e-02, 1.8909842666812754e-02,
       -1.9612660653369217e-02, -1.4621839942389910e-02,
       -2.2352277422743549e-02, -1.3065251394957504e-02,
       6.7385394406528579e-03, -7.1922042530575001e-03,
       -5.2206328788322303e-04, -1.0088288024544000e-02,
       -8.6473793340537553e-04, -3.9064987264914777e-03,
       2.3432139313503699e-03, -1.3563543059308292e-02,
       2.4757811895505355e-02, -1.2168443991982907e-03,
       -1.3153949575200701e-02, -1.2020620352988374e-02,
       -2.0853926758110576e-02, -1.5230128081900048e-02,
       -2.8547858218932465e-03, 1.3222195964430196e-02,
       -1.8871476118143504e-02, 7.6245481271771560e-03,
       -1.3265436301186279e-02, -2.3561778464894836e-03,
       -1.2159141033433001e-02, 1.4307081755379021e-02,
       -4.5029673472451893e-03, -8.7942997682927959e-03,
       -6.6401382631391635e-03, -4.8564641040624726e-03,
       3.8830319664522099e-02, 4.9130617647633240e-02,
       3.3216696891081476e-02, 2.4302269204369686e-02,
       5.7555091858670655e-03, 1.6506066713765227e-02,
       5.3027258538745001e-03, 6.7528467413135243e-03,
       -6.7488946236652992e-03, -1.0163434321493522e-02,
       6.7223480031516243e-03, 2.1893606350178981e-03,
       2.2283888661611875e-02, 6.5606151458333208e-03,
       2.1749724271963797e-02, 1.0673612887396464e-02,
       7.5232582244054115e-03, 6.1723668840742169e-03,
       2.6791236651268549e-02, 1.0746383552052683e-02,
       8.1087061767750428e-03, 6.1979720523660893e-03,
       -1.8876243734755369e-02, -1.0049829137512019e-02,
       2.8929548176315888e-03, 1.1686947774491575e-02,
       2.9620430629363932e-04, 1.3793706554620786e-02,
       -7.0282847831552708e-03, -6.0947795981949864e-03,
       2.7042307546147329e-03, 1.1960323399981015e-02,
       7.9007814948772633e-03, -3.0759535116253846e-03,
       4.0001718219803998e-03, 8.3470951942686313e-03 ]
