%YAML:1.0
bias: 1.6207053314486346e+00
beta1: 2.8337275059611620e+00
beta2: 6.2615003040706529e+00
width: 6
height: 6
orientation: 31
data: !!opencv-matrix
   rows: 1116
   cols: 1
   dt: d
   data: [ -4.4406838879181487e-03, 2.4989503028973896e-02,
       1.2280294446051946e-02, 1.9775287881140812e-02,
       -8.2379197663596578e-03, 4.4606657668990503e-02,
       -4.5377035405650058e-02, -3.6876299891971095e-02,
       -3.4591684136793949e-02, -3.2309799606517337e-02,
       -2.3097127611452328e-02, 1.1926576485845454e-02,
       -3.4596100755941196e-02, -3.0011836611624546e-02,
       -2.7476367425704685e-02, -1.5493063251252567e-02,
       -1.9277340615569946e-02, -5.7396438327731178e-03,
       -3.7526867285375208e-02, -1.3690495399338157e-02,
       2.6389549367977112e-02, 3.5084387709442187e-02,
       6.8614426619017970e-03, -3.5564192510907644e-02,
       5.8226038290452718e-02, -1.1120405517493987e-02,
       7.5755144399572601e-04, -9.3553579587899553e-03,
       -1.8841296918740997e-02, -2.1169828680349008e-02,
       4.5329522454128419e-02, 1.6853872081757878e-03,
       4.8747486681894034e-02, 3.5820020084947765e-02,
       -3.4963948374923649e-02, -5.2574019341339864e-03,
       1.8685130829640219e-02, 3.4964580288081000e-05,
       -3.8330387103237542e-03, -3.6236315656868103e-03,
       6.4304446529301037e-03, 4.8323036609970178e-02,
       9.1989869562773361e-03, -3.4381153495014895e-02,
       -3.6343610137414856e-02, -3.0196570498433634e-02,
       -8.1248541211931483e-03, 1.4276388876733700e-02,
       -3.2652422705033261e-02, -3.0829639130927337e-02,
       -1.8328769031118689e-02, -2.4534502049681935e-02,
       1.7930098711634113e-03, -2.3201827196592667e-02,
       -3.5892620168027758e-02, -3.0553569348810330e-02,
       6.2902084033822456e-02, 1.6149946386952448e-02,
       -5.5976628217683424e-03, -1.6456736920069864e-02,
       4.1624394798928800e-02, -1.2359990312447670e-02,
       2.9454169123497149e-02, -1.2968091477354015e-02,
       -1.2308234254733175e-02, 5.1286844383835392e-02,
       4.9761470417584060e-02, 3.2741146788862766e-02,
       4.0922286066892175e-02, 4.0477573412361557e-02,
       -1.2893517316733584e-02, 1.4792892002095234e-02,
       1.6435492945430643e-02, -1.8083435087562428e-02,
       -1.3269187919317114e-02, -3.6580858021026674e-02,
       -1.5428761493762927e-02, 1.3076889970455060e-03,
       9.5159164949306409e-03, -3.2063787225817299e-02,
       -9.1695454754161937e-03, -2.8560822292885677e-02,
       -1.7765748937429441e-02, -8.6249429772908958e-03,
       -2.9387372932203403e-02, -2.5634806591668519e-02,
       7.1624851654329066e-03, -2.5871427211023552e-02,
       4.4222070502266446e-02, 3.1078587508359557e-02,
       -2.7735520409141543e-02, -8.0986873072156681e-03,
       -2.8756351326900031e-02, -4.3182717267057774e-03,
       5.1606263413750200e-02, 3.9754658484832783e-02,
       -6.7297602253539668e-03, 6.0681907316713309e-02,
       2.8221670797017556e-03, -2.4734049691671773e-02,
       -3.3334708524294626e-02, -1.9168221220374350e-02,
       1.3829054722513199e-02, 5.2092093956188489e-02,
       -2.6112564008462402e-02, -1.2543516822029754e-02,
       -2.3499079545162324e-02, 2.0380930142282271e-02,
       1.6854955663679703e-02, -2.3917326921387504e-02,
       1.3063751889964557e-02, -3.0625330410956764e-02,
       4.8995527974079668e-02, 2.1843404171626956e-02,
       7.5555850632960872e-03, 1.1615617952424710e-02,
       -1.2839907857453516e-02, -1.9934731757877834e-02,
       1.9996700573845973e-02, -9.9829493488878644e-03,
       -1.4666366250345177e-02, -3.1129230256613061e-02,
       -1.5512951057204126e-02, -2.7450506252197214e-02,
       5.3042810394822171e-03, 2.0136917562459548e-02,
       -1.4388378107952366e-02, -1.4505256315929103e-02,
       -1.4979983381661333e-02, 2.2746469299693411e-02,
       5.7019110374073215e-02, 1.2577288835707268e-02,
       -1.2666659046163393e-02, -2.4481730180348028e-02,
       1.8927428170446760e-02, -1.1431887875981046e-03,
       -1.4790253774173104e-02, -2.6112462238919981e-02,
       1.1136284932757399e-03, 3.8853486578022893e-02,
       -1.8687270420517606e-02, -1.0866849406074774e-03,
       1.4848967269753136e-02, -4.1026390019479756e-03,
       8.9882713926929085e-03, -2.2552009943634509e-02,
       -2.7278233657590138e-02, -2.2815193983584954e-02,
       1.4906796561451902e-03, 4.6842184486272373e-04,
       -1.4368048592791529e-04, -2.1860249207065183e-02,
       -1.4113034995107833e-02, -4.1155385827026537e-03,
       3.6820127057305238e-02, -1.0108827521586651e-02,
       -2.3167996141240051e-02, -2.3220807309989617e-02,
       -2.4407334726669609e-02, -1.2111418259084503e-02,
       6.2246805488636366e-03, 1.6372878636351951e-02,
       -1.5859131999438121e-02, -6.3542680610759643e-03,
       -2.7476338674870871e-03, -1.4325343889359672e-02,
       5.0061322204888764e-02, 4.7728305709976611e-02,
       -3.5933698101603267e-02, -1.3991157816429775e-02,
       6.4086809889127849e-02, 5.1612444105691366e-02,
       -1.4458900699236919e-02, -1.0765970237995293e-02,
       -1.7580753156808907e-02, -3.0604074158476716e-04,
       -2.0069067045909713e-02, -1.1193600493378034e-02,
       3.0956816595293278e-02, -1.4626119343719306e-02,
       2.4749878509528114e-02, 1.0179730980512017e-02,
       -2.2810414438881318e-02, -2.5768299228218165e-02,
       -1.9666234590636877e-02, -2.6659891265378724e-02,
       -1.6260707787472337e-02, -3.4680391408252569e-02,
       -1.9201943121866863e-02, -2.6640940450202186e-02,
       1.3560385095817291e-02, -2.6207376086696613e-02,
       -8.0055870982619643e-03, -1.0379743305727211e-02,
       3.5324713874225394e-02, -2.0618810997408976e-03,
       4.8446193335235872e-02, 1.8920472484070104e-02,
       -8.9996455549557677e-03, -1.9068210942588135e-02,
       9.5999362334091790e-03, 3.7740775149383305e-03,
       -2.3574150999083804e-02, -1.5346169377338193e-02,
       -1.9371236861332963e-02, -5.6260054944101811e-03,
       4.1151271474277971e-03, -2.0036495051712653e-02,
       -3.1193770969529414e-02, -2.2091300457078692e-02,
       1.3455113238548404e-02, -1.9170512969411954e-02,
       -3.0815481533934048e-02, 1.6520985361285885e-02,
       -2.1583291851527322e-02, -2.2373862371279779e-02,
       -1.9187233173044663e-02, -5.9331933256996173e-03,
       4.1244078458591077e-03, -1.8673548554642184e-02,
       6.2341184970737349e-03, 5.1098203851100334e-03,
       1.2401193307469744e-02, -3.1412491802044328e-02,
       -1.7862269805328346e-02, -1.4245058976086532e-02,
       7.0972202720725422e-02, 2.3712763150858601e-02,
       -7.3979283104559932e-03, 2.2987901184977504e-02,
       2.6495321440125272e-02, 5.8842437245813662e-03,
       6.6971888565334536e-02, 4.0137833951190291e-02,
       -2.1963385666979966e-03, -1.8928820293659478e-02,
       5.9130998659638209e-02, 5.1216713403168017e-02,
       -9.1886021325300864e-03, -3.8302009874538251e-03,
       -8.8325862319220232e-03, 5.7014056680822498e-03,
       2.8381427667594519e-02, -1.7635582083706552e-02,
       -6.0309977750939775e-03, 3.8409743250707930e-02,
       2.2246693031331945e-02, 1.3344676686819013e-03,
       2.6728907704407700e-03, 1.3399311158440204e-02,
       2.9424268735709920e-02, 3.0804291826515173e-02,
       7.6491116137060999e-03, 4.4458526442845064e-02,
       6.8054617401323691e-03, -1.8701272504343086e-02,
       1.3722434057621365e-02, 8.4438671772876072e-03,
       4.6567075030870559e-03, 3.4434458010067497e-02,
       2.7390365122364176e-03, -6.4148223179612005e-03,
       3.7358290982535333e-02, 3.3790935617073706e-02,
       3.6082228943324378e-02, 5.3253998801141449e-02,
       -5.0495175285401456e-03, -1.4923902404405574e-02,
       1.2686482560238341e-02, 5.1849308371541274e-02,
       -6.5422072289612471e-03, -1.5518530983281062e-02,
       -1.2052757099503906e-02, -3.3391750866562091e-02,
       -2.9391370022688705e-02, -7.9652362639439783e-03,
       -5.5785103614999724e-03, 1.3665110644154295e-03,
       -1.6939422322039020e-02, 1.4707898511842909e-02,
       -5.7094265239165300e-03, 3.3336574576933653e-03,
       2.0751374002436287e-02, -1.4403254158151342e-03,
       9.9029733658729732e-04, 2.2355021506625800e-02,
       4.1276753831983148e-02, -6.4500303423813549e-03,
       -5.1455759401108523e-03, 2.2239434693522350e-02,
       -7.5621026409417045e-03, -7.7053405234486496e-03,
       -3.0257062620222649e-02, -4.3682823556115837e-02,
       -1.2981784146583217e-02, 5.2175346795747889e-02,
       -1.2705128901218308e-02, -2.0815544402119340e-02,
       -3.4195322344944920e-02, -1.9767236112829987e-03,
       -7.8857413452342283e-03, 4.2373891582449218e-02,
       8.7082552859615477e-03, -2.0660883136463252e-02,
       -2.0335940511017548e-02, 6.4286743757594944e-03,
       8.1345005911284598e-03, -2.8678746979473028e-02,
       -6.1792790201081627e-03, -2.7374763988186251e-02,
       -1.6951616339628460e-02, -2.5343722781095614e-02,
       5.1298471779733040e-02, 5.9199962197492998e-03,
       -1.0973227806198150e-02, 3.1783628331235346e-02,
       1.8650025072776556e-02, 5.5315977264809467e-03,
       3.6704769450628585e-03, -1.6958346524746377e-02,
       -1.6175977943462642e-02, 6.1155635269316180e-02,
       6.3703624623327433e-03, 7.0619714743466230e-03,
       -2.7834602821504874e-02, -9.3699164301135410e-03,
       -6.4445365962690045e-03, 2.5594740175874644e-03,
       -2.6761164813097801e-02, -3.3441219779510076e-02,
       -5.8710734981846941e-03, 3.0870145738125600e-02,
       -1.2587953994515571e-02, 1.4009288213104636e-02,
       -3.0311475561623578e-02, 1.3327783880900237e-02,
       -1.9397395424354424e-02, 1.3896773418372345e-02,
       -5.8382355443514495e-04, -4.4410821691926880e-02,
       -2.8598628619384350e-02, -5.1342417632436518e-03,
       -1.3997057953885355e-02, 1.7753130740709678e-03,
       -3.6765204439114185e-02, -4.1464709013132844e-02,
       -2.7738246750536447e-02, -3.0269571163098339e-02,
       -4.2431404882040981e-03, -2.4707049244845094e-02,
       -2.4507315096050617e-02, -1.6652389782516586e-02,
       -7.8541923892453663e-03, -3.0750713152159444e-02,
       -7.5609267667937213e-06, -2.6881258727366658e-02,
       -2.6130194380579605e-02, -1.8498635222336756e-02,
       2.1159129700514766e-02, -2.0828493301714476e-02,
       -2.5063326106552547e-03, -2.0948323662381568e-02,
       -7.7828923084336090e-03, 5.6699900245027461e-02,
       8.2171032710591577e-03, -1.7396398514342142e-02,
       -2.2361613758483237e-02, -1.2786829971838153e-03,
       6.2486395039935083e-02, 5.3774500945819384e-02,
       1.0871480761501139e-02, -1.6623506725508361e-02,
       7.9602258045479747e-03, -1.5729974251134010e-02,
       7.1954662738979705e-03, 6.5194598397773527e-03,
       1.1552536644742184e-02, -2.1435804738200469e-02,
       -2.4266094531668392e-02, 2.4266656281809240e-02,
       -1.5985397686806513e-02, -4.1773698233373860e-02,
       -2.0246534198269040e-02, -4.9186115262982409e-03,
       -1.9114188382120336e-02, -4.0816861023821099e-03,
       2.5549962783140152e-02, -3.2222062585426543e-03,
       -2.3528528219510979e-02, -2.5217349849467316e-02,
       -3.2399635992510716e-02, -1.1436412379729907e-02,
       3.8423764972528786e-02, -1.8489593156924472e-02,
       -3.1318197369831588e-02, -2.6458221480037718e-02,
       -2.1459533593523004e-02, -2.7746927883254655e-02,
       -1.4861572145693114e-02, 2.3620432801807496e-02,
       6.4620191179095662e-02, -2.7764051233022481e-02,
       6.0238201575270454e-02, -9.1586607235836365e-03,
       5.9491746520183998e-02, 5.2748642662627104e-02,
       -1.5054362393924863e-02, -2.6920362482667742e-02,
       5.9911758376882868e-02, -2.7871417952435286e-02,
       1.7895660832362971e-02, 1.8850697213558799e-02,
       -3.5758091956150199e-02, -3.4105372101129704e-02,
       -7.1455013542962992e-03, 3.1209165971788792e-02,
       -3.9119683131742342e-02, -1.3046522912806788e-02,
       -2.4860430510643513e-02, 3.4631095047316263e-02,
       -3.3614930640448286e-02, -1.1125205555228142e-02,
       6.6992213153231756e-03, -6.8002689344228992e-03,
       -2.5520173248226950e-02, 1.1978518253668744e-02,
       -3.9224930966936494e-02, -3.6508544040648731e-02,
       2.0867808373045256e-02, -1.3465387922923141e-02,
       4.2801583334382984e-02, 3.9597509503201567e-02,
       -2.7376807662071116e-02, -8.9942823903231828e-03,
       -1.8016182854329522e-02, 1.3618605774067091e-02,
       5.8881478883873142e-02, 1.6173842478132038e-02,
       4.4684630681768304e-02, -1.5138249909145550e-02,
       -1.9839301266600981e-02, -1.9490140587196794e-02,
       -3.0522048452193407e-02, -2.3950584564504822e-02,
       6.7119625235318336e-02, 8.0293509882401783e-03,
       -1.0911566961280724e-02, 1.7657433722530248e-02,
       -8.6037676752398831e-04, -4.1225954841522833e-02,
       2.6086740111396041e-03, -3.5708771776844485e-02,
       -3.3264551330898909e-02, 4.3950334531799924e-02,
       3.1016580644615273e-02, -3.9023227082260878e-03,
       -1.7310244990434868e-02, -3.1173796993157716e-02,
       5.3862566002505627e-03, 1.4172402745976059e-02,
       -1.2059059970498144e-02, 1.1622237931523527e-02,
       2.6720010131405493e-02, -3.3506236009982863e-03,
       -1.3244918592943156e-02, -1.9786507874422727e-02,
       -8.5675900786072959e-03, 4.6703304055907148e-02,
       -1.0727331734122379e-02, -1.8629164798814032e-02,
       -1.8280834433010311e-02, -1.9242914044149875e-03,
       4.6470704985432681e-02, 6.0442327139470724e-02,
       -1.0078047738061839e-02, -6.9427666307205265e-03,
       -1.6866941708524603e-02, -9.9397187994096602e-03,
       -3.3554798732762639e-02, -3.9271416413095277e-02,
       -3.9774152181564458e-02, 6.4601029636261006e-02,
       -1.9114907514240328e-02, 4.9041898634375782e-03,
       6.8010446923975204e-03, -3.0564183651731424e-02,
       -1.3856670065528275e-02, 8.0104103206896579e-03,
       -1.5205334840815585e-02, -2.8276797607760886e-02,
       7.4640118713747462e-03, 7.4416956773472953e-03,
       1.7203594876862668e-02, -3.4878163567814251e-02,
       -2.9659214648515154e-02, -2.8461394435070623e-02,
       -3.1982388044777321e-02, 1.0704906693498540e-02,
       3.1333552005313500e-02, -1.1319939793919657e-02,
       -3.4834876601271804e-02, -3.0374994111111192e-02,
       -1.3425219168460730e-02, 2.8568046656426507e-02,
       -2.4524931746246967e-02, -1.5881425930347033e-02,
       -2.8111293642612386e-02, -2.3594025249088182e-02,
       -2.2103842810112247e-02, 9.3568861866590858e-03,
       -2.1867501186210097e-02, 9.5015334626408297e-03,
       -2.7085846689230923e-02, -9.5791049205697504e-03,
       -3.8126968372167933e-02, -2.2027431742384529e-02,
       -3.0900996222079036e-02, 6.7293486105367631e-02,
       -3.3960960293772675e-03, -2.6081184683092267e-02,
       -2.9916715791513095e-02, -4.8362214196636371e-03,
       -3.4369495125602585e-04, 5.4541697272498741e-03,
       3.5623606296263037e-02, -1.7805035780710847e-02,
       -3.9605426187474112e-02, -7.3661814044998827e-03,
       4.0518830547658008e-02, 3.7917825763402475e-02,
       -6.4562676214167253e-03, -2.6884088135397735e-02,
       -3.2152944687963467e-02, -1.6234416375179916e-02,
       3.7574493136103441e-02, 4.7964800576250397e-02,
       -5.7255548057999015e-03, -1.4245665039259163e-02,
       1.8069096428442767e-02, 1.9401916374517148e-02,
       -1.1464082828138985e-02, 1.6484488958825899e-02,
       -3.0876213076541720e-02, -2.9228012728196459e-02,
       -2.7759211776785048e-02, 2.7072323946763760e-02,
       8.8850349074617620e-03, -1.3889108124506961e-02,
       -3.5147264107988449e-02, 5.6783493426452013e-03,
       -1.6850096946077933e-02, -1.9271891888328702e-02,
       3.4733326709487288e-03, -2.6902118833277380e-02,
       -2.5360255449568367e-02, 1.4140492570869504e-03,
       -8.9647011940741615e-03, 2.7394495413659067e-03,
       7.3580077891751278e-03, 4.8059555804529875e-03,
       -3.1224160073947708e-03, -1.7760226160941750e-02,
       -1.3507780140888125e-02, 6.3017425099399192e-04,
       -3.0440099660384110e-03, -2.4500489035240509e-02,
       -4.2110895296371208e-02, -1.3445580556155693e-02,
       3.3248196863114560e-02, -1.5243109840704977e-02,
       -2.4239963102780503e-02, -2.8926761261529751e-02,
       -1.2363397835093408e-02, -3.1770184419848510e-02,
       -4.1777099654107374e-03, -5.2824299339574469e-03,
       -7.6895466702867430e-03, -2.3648122065731692e-02,
       2.7334425377507784e-02, -2.7240968434997737e-02,
       -8.5414896383524466e-03, 2.1665339422940414e-03,
       -2.0113198249684720e-02, -1.2534512851704992e-02,
       -1.0604072981304363e-02, -1.9100553530803265e-02,
       -2.8722472580613938e-02, -2.8294037144685376e-02,
       -2.3118207698296710e-02, -3.8592537154533604e-02,
       -2.7650380193251545e-02, 2.5402081398787364e-02,
       -1.4632159139674699e-02, -1.6140660638478060e-02,
       -1.2122119536227872e-02, -1.6471173157830317e-02,
       -2.4693931075083754e-02, 2.8541211840543760e-02,
       -2.7505151236711357e-02, -1.0846046393663471e-02,
       -2.7043395002801458e-02, 1.5569167266822372e-02,
       9.4522713159112780e-03, -3.4737256184535163e-03,
       -2.0529755012862357e-02, -2.9679179459471315e-02,
       -3.1802905129896829e-02, -1.5431136346375513e-02,
       2.9916176411366322e-02, -3.4953674592263735e-02,
       -2.2637112212208425e-02, -2.7940657592321113e-02,
       3.7475393220624140e-02, 3.0102710271590907e-02,
       -9.9706391105030927e-05, -3.4515653083382877e-02,
       -1.2384215527260104e-02, -9.5745829153891654e-03,
       1.4167417949555968e-02, -9.4439459233686025e-03,
       -2.3756789948225863e-02, -4.0786349536736315e-02,
       -3.2497489106503873e-02, -1.1727271592827776e-02,
       -3.6381978264412446e-02, -3.8807640147857043e-02,
       -2.8221213499090007e-02, 8.0897269722633551e-04,
       -3.8633324421408280e-02, -2.3982064489730934e-02,
       -3.4223744160481059e-02, -3.5780122187569693e-02,
       -3.7166610064391804e-03, 5.0339701770133041e-02,
       -1.1236164174054255e-02, -3.8433006650344048e-02,
       -2.3814202923001050e-02, -1.9335871566714256e-02,
       -3.1501886911394959e-02, 7.2211175076099419e-03,
       -1.9160190760785043e-04, -1.7563593517974783e-02,
       -3.9546917004837166e-02, -7.7882464130466190e-03,
       3.5777791284397405e-02, 2.4641632311007473e-02,
       -1.2624656977923013e-03, -3.8432900137589231e-02,
       -8.7402760328092986e-03, 2.8847640066223413e-02,
       2.5310515123170015e-02, 2.6371546644085773e-02,
       -1.6376553055815642e-02, 1.8414880522148069e-02,
       -3.7498206230049784e-02, 1.4285223354317932e-02,
       -2.8577823944803484e-02, -5.0090037338545454e-03,
       -4.1176088206902647e-02, 2.8567294764866795e-02,
       -3.9632358369877295e-02, -1.4475951002859487e-03,
       -1.5132952507260787e-02, -4.8065884874260847e-02,
       -3.4825819442253075e-02, 1.6528579903880968e-03,
       -3.6012061985702684e-02, 2.7707099697041201e-03,
       2.2607002766895515e-03, 9.0943094969850920e-03,
       -8.3058454724719948e-03, -5.2112139752547984e-02,
       3.1071542075272809e-02, -1.7202575722568426e-02,
       -5.2061861098958656e-03, -7.2705182498833849e-03,
       -1.4242781181599141e-02, -3.5331603086580052e-02,
       3.3086767467217622e-02, -1.0515201287377480e-02,
       2.4300782965253700e-02, 2.0753228429157271e-02,
       2.7848738912229888e-03, -9.9356761785457277e-03,
       2.7461548465776541e-02, -4.6561254726175524e-03,
       1.2505415553847736e-02, 2.4384720852653252e-02,
       1.6193749587029266e-02, 2.0134867994037877e-02,
       3.4766782401552589e-03, -2.1438279052038382e-02,
       3.3290477158585755e-02, 2.8494373858234282e-02,
       1.7811559877416554e-02, 1.1809349001066581e-02,
       -7.3091567804031282e-03, -3.4402965739270465e-02,
       2.4162599085586073e-03, 1.3152833139978949e-03,
       2.6618533526431343e-02, -2.8087007429036883e-02,
       -4.5332077812507747e-02, 8.2580539136718079e-03,
       3.6437754779819448e-02, -5.1530278876331433e-03,
       3.4207004288169746e-03, -4.9120554737857617e-03,
       3.4090645491309614e-02, 3.9499370054128305e-03,
       2.0197525338903715e-02, 3.2461017967073268e-03,
       -2.3718128265017211e-02, 3.4627196629996963e-02,
       2.5405229667010833e-02, 2.1772230505453297e-02,
       1.2164758418428061e-02, 2.1680075211566219e-02,
       -3.0626523357322511e-02, 7.5159907168020918e-03,
       9.3790686623454571e-03, -3.4400968910060413e-02,
       -6.2843098013800006e-03, 1.1114348255584952e-02,
       1.8037630454516188e-02, 4.5067495078476502e-04,
       3.1189882888718580e-02, -3.0372885162905604e-02,
       3.6875834336921445e-02, 3.2257811092686516e-02,
       -9.4657002621226748e-03, -1.7690790899685758e-02,
       3.3492375686251311e-02, -4.0805958233081641e-02,
       3.0050315177785600e-02, 2.2338819015674756e-02,
       1.8979385563157352e-02, 1.1693924805922185e-02,
       -2.3229342420245616e-02, 3.7955154864987774e-02,
       -5.1680322426141109e-02, -1.7045668267597885e-03,
       2.6108190866375190e-02, 2.4336163065142902e-02,
       -2.4767380704866511e-02, 3.2210777939782803e-02,
       2.4595179497451519e-02, -1.9285424236371800e-02,
       -4.6394027447807115e-02, 9.8366755688670225e-03,
       -7.7644530307850040e-04, 2.4552936681280786e-02,
       1.1105500474351304e-02, -1.1118505806487483e-02,
       3.3058256572310186e-02, 2.7083510732354595e-02,
       1.1470350929260603e-03, -1.9806604896578133e-02,
       8.9997127166299984e-03, -4.5930290027499238e-03,
       2.5457083114876503e-02, 2.5651478062338206e-02,
       4.0829854012013986e-02, 7.5894128752724901e-03,
       -1.5889260100480612e-02, -2.3114300056639864e-02,
       9.3804089857696515e-03, -1.5179555919468735e-02,
       3.8208283125473808e-02, -1.0514266646426094e-02,
       -1.0924955534613623e-02, 1.4305608249479764e-02,
       2.0067000233793285e-02, -5.1592777510562427e-03,
       3.5831981786708950e-03, -3.5759502325300063e-02,
       -3.2405039524519903e-02, 3.3447286401978998e-02,
       2.6536173622242643e-02, 1.7040476283240617e-02,
       -1.5223030896308564e-02, -4.2070974198912633e-02,
       3.4085579309308223e-02, 2.5132806363754038e-02,
       -1.1992280799160595e-02, 5.0823865492684948e-03,
       3.4883249084147978e-02, 2.6829490124285468e-02,
       -1.2979094423000444e-02, -6.7792364918448159e-03,
       2.0934392254950428e-02, 3.2898964365611072e-02,
       1.3955215429332989e-02, -2.9058664693381340e-02,
       -3.5300423141805613e-02, -9.2003574604096611e-03,
       2.9759644434434580e-02, 3.3992917178133984e-02,
       3.7780184423131247e-03, -1.5186063274665432e-02,
       -1.9068986863279801e-02, -2.4552872614966863e-03,
       2.2922599743326784e-02, -3.7657102755931676e-02,
       -4.2789016013867441e-02, 2.7605343167569261e-02,
       -2.6383974175967145e-02, 1.4954424048150242e-02,
       2.9300361690847529e-02, 6.3886309347361029e-03,
       -8.6111613484534388e-03, 2.0221615103011056e-02,
       5.4125813612834923e-04, -2.2452682598478726e-02,
       2.5813508592370440e-02, 1.7961505431645507e-02,
       -5.3531572309300042e-03, -3.4911764150894288e-02,
       3.6331854844681814e-02, 3.3075669158068782e-02,
       -3.4026095714577466e-02, 1.4461747850008210e-02,
       2.7663600304918497e-02, 1.7669833944400260e-03,
       -4.4537439349962168e-02, -2.8809370097841853e-02,
       3.0655659305050688e-02, 3.0046311890585906e-02,
       1.7557039599101276e-02, 4.3305889896373267e-03,
       -4.2049227502370307e-02, -3.4079374533358596e-02,
       -2.9564928625155553e-02, -6.4313013871718332e-03,
       -1.9517470301095609e-02, -8.5244192442531785e-03,
       -3.6556410034307429e-02, -1.8652856253601451e-02,
       -3.1899311884708527e-03, -3.6633820466074406e-02,
       -1.4129509278155455e-02, 3.7813773953038587e-02,
       4.5798525775901461e-02, -7.1712395584558226e-03,
       3.6007360146784850e-02, 2.1895755526724178e-02,
       1.3572909473826526e-02, 4.5377828723725923e-03,
       3.5550599854032292e-02, 1.8395267086476442e-03,
       -4.7669128947886413e-02, -8.9621598840645446e-03,
       4.0361195120454392e-02, 4.2307209435482815e-02,
       1.4451338356921452e-02, -3.4491658843496247e-02,
       -5.0073377953869701e-02, -2.6066047407752761e-02,
       4.8841279412032673e-02, 4.3045275378552170e-02,
       -2.3484456944095389e-02, 1.4258388841865173e-02,
       1.2404573956521503e-02, 9.3627355159751659e-03,
       -1.3430062967419625e-02, 2.5957283637424590e-02,
       -1.6822165028216332e-02, -3.8873336094344367e-02,
       -1.1107603080668110e-02, 4.1909045402148265e-02,
       3.4901872409743358e-02, -2.8038624108518647e-02,
       -4.0111526229835388e-02, 4.7722507994656365e-03,
       4.4937033066025464e-02, 1.5858973711235739e-02,
       9.5707668975665294e-03, 1.2219845096077403e-02,
       1.7659648613206569e-02, 2.3088092017651874e-02,
       4.4760961085954613e-02, 3.0980344765354384e-02,
       2.1291452471512214e-02, 1.0121816460984738e-03,
       3.6583932518741188e-02, 4.3724744086378164e-02,
       -9.6978145336286230e-03, 1.1358913130563739e-02,
       2.0482464570739413e-03, -6.7295845418498222e-03,
       1.6254847122878962e-03, -1.2254338373306455e-02,
       3.5981482968860966e-02, 4.0485736032914353e-02,
       1.1764389910970303e-02, -1.4946437606120598e-02,
       2.5097675682825477e-03, -3.4005807670137731e-03,
       3.7102137561479433e-02, 4.1393876372211195e-02,
       1.2816337918321943e-02, 3.3900052069977753e-02,
       4.6167268243992282e-02, -3.6461719264263268e-02,
       1.5328003607708930e-02, 2.1792831361959586e-02,
       -1.5781746629828495e-03, 3.6679749366467861e-02,
       2.5058582320553026e-03, -1.3793789814695374e-02,
       2.4420305727415013e-02, 1.8132686851847747e-02,
       2.8310327134902204e-02, 3.2009002774712976e-02,
       -1.6160804941277633e-02, 2.3367581696065370e-02,
       1.0504760278566554e-02, 3.6401574096030467e-02,
       -8.1430215795189748e-03, -2.1190295135714209e-02,
       -2.2904615910253463e-02, 8.2507816381331804e-03,
       -4.6427228428257181e-02, -9.2027230897055064e-03,
       -2.1868661562205405e-02, 2.8381224727222230e-02,
       6.4595813322039361e-03, 2.6385968606492026e-02,
       -1.0643737834938233e-02, -1.1583309818170573e-02,
       -3.1311823774695085e-04, -5.4437200397953215e-03,
       3.4495729035124899e-02, 3.7903242488535266e-03,
       3.4466481799024631e-02, -1.8137698578039943e-02,
       3.6796088249603780e-02, 2.5619084175467419e-02,
       1.7892468610082438e-02, -2.3028982676162518e-02,
       -2.9292931645308103e-02, -3.8803008785070370e-02,
       1.1768904057924091e-02, 3.7467093539219731e-02,
       -1.9772006889910383e-02, -4.3350409445941124e-02,
       -5.5380343477045145e-02, -2.4936347272360602e-03,
       -3.1948745141866942e-02, 1.6434185201309300e-02,
       -8.7715147444147289e-03, -4.6638240295165468e-03,
       -4.4299172908303937e-02, -3.8880313433830686e-03,
       -8.9473451317095953e-03, -4.8886732488366239e-02,
       1.8970935906287775e-03, 3.3254477958320837e-02,
       -1.3505425756904275e-02, -5.0267421634263731e-02,
       3.7221685531169536e-02, -1.6514235376662257e-03,
       -2.9061592956003197e-02, 2.7315795084712276e-02,
       2.8201835898084900e-02, -3.0621166755504881e-04,
       -1.8039157454755907e-02, -1.1194937433757501e-02,
       2.4397873242519720e-02, 2.5265969895532453e-02,
       1.9429114272051268e-02, -1.5363147855470063e-02,
       -1.5590543783869908e-03, -1.1141453111858223e-03,
       -6.3410685918940685e-03, -1.2741252768633443e-02,
       1.7119818763565411e-02, 3.3433816776966170e-02,
       1.4555799417094815e-03, -1.2299548657757151e-02,
       -7.9920139357236020e-03, -5.5332289686049951e-03,
       -1.2133036035664544e-03, 1.3602978075534891e-02,
       -3.5786382868493094e-03, 9.0362585467868850e-03,
       -1.4599238321925511e-03, -1.3852675449897794e-02,
       4.5273594394982537e-03, 1.8931041679868886e-02,
       -1.3784383384242477e-02, -1.8197224364981640e-02,
       -5.0577221979176291e-03, 6.9737752537561652e-03,
       8.3441529601532127e-03, 1.7028744978178578e-02,
       3.2167158869270789e-03, -1.0406265534401465e-02,
       8.9802956715194938e-03, 1.4630505268220365e-02,
       -6.5163765066108999e-03, 1.2462398442739742e-03,
       2.1465875615372422e-02, 1.6997613787755290e-02,
       2.0033333741508688e-02, 2.3670298505226353e-02,
       2.4670757851624731e-02, 1.6647739165368165e-02,
       8.4362604946153479e-03, 1.5631761576436448e-02,
       -5.7677347863025570e-03, -9.6844928888041911e-03,
       1.5858896671947519e-02, 9.0365206224705518e-04,
       7.5366868325705732e-03, -4.4142221597419625e-03,
       -1.4153763661897972e-02, -6.9285268163478296e-03,
       -1.0220562897648262e-03, -1.9314700603758880e-02,
       -2.5910028127440832e-03, 1.4748441253137861e-02,
       4.5318918080669290e-03, -1.3928842837497334e-03,
       4.5623585030036421e-03, -1.6352182088795235e-02,
       -2.2537103608840814e-02, -2.3431886439493465e-03,
       5.2508547650561236e-03, 7.3800479702371656e-03,
       2.8313648683881368e-03, -1.0227720077203808e-02,
       1.6480653156946030e-03, -1.8888666163198037e-03,
       1.4568230095354235e-02, -2.5716320921748657e-03,
       -1.7388827808783206e-02, 1.2495570884616929e-03,
       2.1128193475811241e-02, 1.1084871001607755e-02,
       2.2930818046363946e-02, 1.4004594837211230e-02,
       1.3922339668207506e-02, 1.9775564557583725e-02,
       -8.3769419874557653e-03, -5.9800205747832166e-03,
       -3.4710580384251129e-03, -9.5398200432492038e-03,
       2.5419886378385659e-02, 3.7252727138948019e-02,
       1.4929818364786119e-02, -8.4683838828761189e-03,
       -1.1339780060954858e-02, -1.1493029344037724e-02,
       -7.2901850386600745e-03, -1.6366059725869070e-03,
       -1.1503050163827817e-02, -2.4397418145986702e-03,
       -4.5389893007599215e-03, -4.2928305948953943e-03,
       1.7857503832280717e-02, 3.3414341469128729e-02,
       -1.8012402155308513e-02, -1.3454735658107023e-02,
       7.6854061171977781e-03, 6.9470339793104782e-03,
       2.1167274128713210e-03, 2.1092657799787057e-02,
       2.0960224193312584e-02, -4.0233640808693162e-03,
       1.0004724607867815e-02, -2.2617844180605967e-03,
       -2.3188248195238285e-02, 6.0081399380839751e-03,
       1.7939802317490150e-02, -5.2747119870555272e-04,
       -1.6617900768863157e-03, 9.3263931722512503e-03,
       1.5224846322478057e-02, 9.0429020584715750e-03,
       2.5342952871629874e-02, 7.9063661670744703e-03,
       -9.6493971385178366e-03, -6.9837226595997068e-03,
       1.9863600926691902e-02, 8.0263687378134361e-03,
       2.2438712823616376e-02, 6.8139672457886574e-03,
       -1.1721750529295989e-02, -1.0844387255254011e-02,
       -7.9848735309869193e-03, -2.3695652152747951e-02,
       -6.2211885691619709e-03, 4.7822432389762080e-03,
       -8.4951999218527644e-03, -4.0601046183098843e-03,
       1.5065324398542490e-02, -6.1082500153835772e-03,
       -1.8684271289952516e-02, -6.4212575606461993e-03,
       1.0579130771136912e-02, 2.3182208469818132e-02,
       4.0192647426628746e-03, -1.6288175721991829e-02,
       8.9043439938244172e-03, 1.2487558888907522e-02,
       2.0932188177091821e-02, -1.8855414223463464e-03,
       -2.6675931675787683e-02, -1.7474973260367510e-02,
       1.6342388073892877e-02, 8.8612253730848117e-03,
       4.0732887616308066e-03, -4.5471206755201797e-03,
       -7.0207127959399322e-04, 9.9968898597122147e-03 ]
