%YAML:1.0
M: !!opencv-matrix
   rows: 22
   cols: 22
   dt: d
   data: [ 3.4003212773350711e-01, 3.5718634800197446e-01,
       3.0894540644093432e-01, 3.8354340881544630e-01,
       4.2109451324212260e-01, 3.8120302503418929e-01,
       5.0194349411015926e-01, 6.5590495013799643e-01, 0., 0.,
       2.8460651071766752e-01, 2.3464115030536001e-01, 0., 0.,
       4.1749904269193838e-01, 5.7275577060029381e-01,
       4.3229950419882363e-01, 5.2407833704933693e-01,
       4.2392587019576028e-01, 3.5188943495644570e-01,
       7.0377615431931295e-01, 5.0850511576837509e-01,
       3.3745049753599621e-01, 2.4425449327818707e-01,
       1.2951850959675773e-01, 1.3665153943910383e-01,
       2.5854497343497457e-01, 3.1617581445184417e-01,
       2.4724710524511995e-01, 3.4542222496545744e-01,
       1.1443494572233698e-01, 0., 2.5689371624816559e-01,
       1.6902835599385715e-01, 9.8087096333431698e-02, 0.,
       5.1493320018660571e-01, 4.0025707186728654e-01,
       5.2001259230997932e-01, 3.7962091239496876e-01,
       3.6025655515992278e-01, 3.8643950511188796e-01,
       1.3143253080786527e-01, 6.1316159834918960e-01,
       5.8830427027604704e-01, 6.9877574335159198e-01,
       4.3754803730286446e-01, 4.4192157414208177e-01,
       6.7835323442588769e-01, 3.9468527710559431e-01,
       5.3845412073969945e-01, 4.6056622849580864e-01,
       2.1069548875207639e-01, 5.0884502043917335e-01,
       4.7039924835017904e-01, 8.1110340266794789e-01,
       1.7006713395794165e-01, 2.3260164939674066e-01,
       8.8198642169196506e-01, 9.8360567346826666e-01,
       3.2092256643254069e-01, 8.6503236290380192e-01,
       1.1876552570592240e+00, 7.3327232000560105e-01,
       3.9467791999761315e-01, 4.2199546172894864e-01,
       2.6070505224644430e-01, 2.9081415640560604e-01,
       6.3600010245603619e-02, 6.7922652834212144e-02,
       2.5596657474815560e-01, 7.8289932788972144e-02,
       3.3154519322431730e-01, 3.7768215671431471e-01, 0., 0.,
       8.2737318335653620e-02, 1.0342164791956703e-01,
       7.1980037624509940e-02, 0., 4.4125631716794367e-01,
       2.2280398482855107e-01, 2.8525211390238198e-01,
       2.4269924453335140e-01, 2.8982972103439419e-01,
       3.3942806981747720e-01, 7.7308512683463670e-01,
       5.9559785130953102e-01, 4.2500077569477146e-01,
       6.6195340329083741e-01, 5.6275465415489045e-01,
       2.0793805967671258e-01, 6.1894948708556174e-01,
       4.4067288955558442e-01, 4.9857527108419014e-01,
       4.3451698708700714e-01, 1.9707952063153639e-01,
       4.8701987798581126e-01, 3.7046314404491237e-01,
       4.9318756899005434e-01, 2.7149421139068741e-01,
       2.8382073551432868e-01, 1.0020157722660692e+00,
       7.0542475232166224e-01, 4.0475051815011626e-01,
       3.9412998392044146e-01, 7.7910158894170300e-01,
       5.4126844462705848e-01, 4.2288732984211985e-01,
       3.8121654370361696e-01, 3.9315768254904004e-01,
       3.7969963606471735e-01, 4.0019406013845316e-01,
       4.4023387653773127e-01, 4.1948470278761951e-01,
       4.2773070428840582e-01, 3.1350432794720168e-01,
       3.3665335828236137e-01, 4.9694024987340907e-01,
       5.3943370863888107e-01, 5.3061025815738394e-01,
       5.8431550088992723e-01, 4.6984100802205020e-01,
       2.8382073551432868e-01, 7.5423842652975892e-01,
       5.2309400969805409e-01, 5.7629956439286278e-01,
       4.6011482950828220e-01, 4.2249437737373852e-01,
       7.1945721180779953e-01, 1.7650217104050836e-01,
       4.1275469899333028e-01, 7.7814783097609719e-01,
       7.5181827253481570e-01, 4.8380363897216533e-01,
       5.9304070969959177e-01, 5.2426573343688432e-01,
       6.4308138773053403e-01, 9.2440675283288110e-01,
       1.1392082340766811e+00, 7.0763573862548546e-01,
       6.8339378388790106e-01, 1.0653141414715668e+00,
       8.1305829308822020e-01, 6.3990814197999180e-01,
       5.1642238491106940e-01, 9.5475882422182934e-01,
       1.0810630356860065e+00, 8.9158655880635340e-01,
       9.1148543898045065e-01, 6.9049728710552472e-01,
       8.3528640022296097e-01, 5.7693342556711935e-01,
       8.7397382724296335e-01, 0., 0., 1.6014632887269198e-01,
       3.5029560086939437e-01, 4.3549551587421154e-01,
       1.8364829758347717e-01, 2.5399776835906812e-01,
       7.3352205242881524e-02, 3.9819408376143678e-01, 0.,
       1.7883333338958601e-01, 8.7347143882911704e-02,
       6.2445035929609413e-02, 0., 4.9221442400988843e-02, 0., 0., 0.,
       8.2077657124624226e-02, 1.8136449881784186e-01, 0., 0., 0.,
       8.9864869243978282e-02, 1.5969541585005603e-01,
       1.5220244341829017e-01, 1.7942185969867086e-01,
       2.6745883839284523e-01, 1.6747374302525722e-01,
       1.2048158105996615e-01, 0., 5.2413830653069801e-02,
       2.5624661901167772e-01, 3.4605761107595090e-01,
       2.0788179832626333e-01, 0., 1.2150473215707787e-01,
       2.6052357160489209e-01, 3.7543255764338473e-01,
       2.9996789599719825e-01, 2.0993083082459063e-01,
       1.7807721050635480e-01, 0., 0., 0., 0., 2.7963547359234359e-01,
       5.2848235104477936e-01, 4.0570480661815378e-01,
       2.6881541950129184e-01, 5.9136776645689193e-01,
       7.2955136520532382e-01, 3.9612127227161203e-01,
       1.9637390590208975e-01, 1.1371145770815649e+00,
       5.7134623544493646e-01, 1.3442507355411937e-01,
       2.3260164939674066e-01, 5.6897133454882076e-01,
       7.9872389762121920e-01, 4.5238855335206279e-01,
       5.1456257912544356e-01, 8.8827771689051016e-01,
       1.0164774464528712e+00, 0., 0., 0., 6.2365252049777248e-02, 0.,
       0., 5.3355049928741273e-02, 0., 3.6986059629242132e-02, 0., 0.,
       0., 4.3851494919476902e-02, 0., 0., 0., 7.8112118983551998e-02,
       1.1730464688484460e-01, 3.9263911738346299e-02,
       8.0137540460434503e-02, 1.0548101272583560e-01, 0.,
       1.2685252506709144e-01, 3.8071822012118915e-02,
       2.4097003053670166e-01, 1.1784705204935060e-01,
       3.3938126497758597e-01, 6.1719572275490242e-01,
       3.6132771777944195e-01, 4.7512679755968917e-01,
       2.0445980265449937e-01, 1.9151034325151495e-01,
       2.3822314629493152e-01, 6.8739380859138599e-01,
       3.4938857553164691e-02, 1.2286940519771056e-01,
       3.6812934404163433e-01, 2.8382073551432868e-01,
       3.4264339382346160e-01, 3.2007317637471577e-01,
       2.6082163828577631e-01, 1.1101403413917998e-01,
       1.1787822934652979e-01, 3.5415223261967882e-01,
       2.5828505587495670e-01, 1.6925359507309884e-01, 0.,
       8.9864869243978282e-02, 6.3600010245603619e-02,
       6.3855720837548730e-02, 0., 1.4116700167425272e-01, 0.,
       1.6820314458531893e-01, 0., 0., 1.5101366230840632e-01,
       5.9708349967223101e-02, 0., 0., 0., 3.4112630553075250e-02,
       4.0602643958081291e-01, 2.8771390332565555e-01,
       1.6296730144404278e-01, 6.4352444577458701e-02, 0., 0., 0., 0.,
       4.6844912980846820e-01, 2.6947196433623899e-01,
       2.7445753863369621e-01, 3.0780747007690651e-01,
       2.4617257103430046e-01, 1.1838587417586267e-01,
       3.9819408376143678e-01, 4.4170253502139289e-01,
       4.4761641966710386e-01, 4.5022600244923477e-01,
       3.3422383386796689e-01, 0., 1.1223923814934812e-01,
       4.9158048634795788e-02, 1.6565734550752123e-01,
       1.7735197748370193e-01, 9.9182570554485455e-02,
       1.8923235588788340e-01, 0., 0., 9.4172137050060278e-01,
       1.0075497381870462e+00, 8.6643947630282181e-01,
       9.9179903380634238e-01, 1.0594707345686656e+00,
       9.1151754382968064e-01, 9.4325905626664985e-01,
       1.3078294568486812e+00, 5.4766480115898009e-01,
       9.0431865382903454e-01, 1.1816391910164772e+00,
       1.3952544554901629e+00, 5.6792810435548191e-01,
       4.2016184188132999e-01, 1.4832570803696952e+00,
       1.2987600858964241e+00, 1.0841616067337834e+00,
       1.0246569069573217e+00, 1.1564343165339328e+00,
       1.5511900202076851e+00, 1.3368647987698017e+00,
       1.1364383133181886e+00, 1.0399490148392286e-01,
       2.3377765591566027e-01, 1.0259187668264889e-01,
       2.0298263918572046e-01, 2.0681628509226799e-01,
       3.3605410018203924e-01, 4.7358900351484490e-02,
       5.1009518773688062e-02, 6.6614186559698793e-02,
       5.2413830653069801e-02, 3.4938857553164691e-02,
       1.0055165186466752e-01, 1.6053213226304111e-01,
       9.6260543029739395e-02, 7.8112118983551998e-02,
       1.9748854237741537e-01, 1.0587981783511938e-01,
       5.8384994297024262e-02, 1.7567467097998779e-01,
       4.6983744556582385e-02, 1.2685252506709144e-01,
       1.0580712287377875e-01, 4.6756566092831431e-01,
       2.8758251878595165e-01, 1.9304082501747694e-01,
       1.5280683316186044e-01, 3.8702061131565735e-01,
       4.3704389998383714e-01, 3.8012945095511874e-01,
       5.4697020645979855e-01, 2.7440588318884218e-01,
       1.4396007524901994e-01, 2.5517751932755606e-01,
       1.1662006966411015e-01, 1.7006713395794165e-01,
       2.3260164939674066e-01, 2.9864193821683249e-01,
       6.3203626140490843e-01, 4.0918236930178942e-01,
       4.9040562897568396e-01, 4.9392945967528540e-01,
       4.2322529818845916e-01, 1.2408793235175633e-01,
       3.3543100834118500e-01, 2.4097003053670166e-01,
       4.0051437350973906e-01, 5.7050017901252992e-01,
       6.8511837558911459e-01, 4.5593335699876403e-01,
       6.9890990681141796e-01, 3.8672597323376218e-01,
       3.6236966651061486e-01, 3.5307090360967669e-01, 0.,
       3.7474398690747551e-01, 1.6902835599385715e-01,
       2.7032683425587278e-01, 2.3774599920496570e-01,
       5.1254624132462623e-01, 4.7877574185561866e-01,
       4.6843258152108402e-01, 2.3680391539138027e-01,
       3.7036637703033831e-01, 3.5188943495644570e-01,
       4.0755850072237715e-01, 4.7059599840038058e-01,
       3.7516475057666043e-01, 3.4559633489620861e-01,
       1.5935251742713666e-01, 3.4800140996453510e-01,
       4.4697362310109756e-01, 3.2460147924192029e-01,
       3.6795821083948593e-01, 4.6380895785581633e-01,
       2.3615033480510683e-01, 5.2413830653069801e-02,
       4.6646537361688617e-01, 7.9486445056358024e-01,
       6.2445035929609413e-02, 0., 1.9728257162777202e-01,
       2.5110305073000921e-01, 3.9239653484409326e-01,
       4.9746663040760308e-01, 4.0266069534812177e-01,
       3.9399177947963893e-01, 2.3742024448655896e-01,
       6.1778017231183679e-01, 8.6419882003580051e-01,
       9.3303071164546003e-01, 6.7067870424262510e-01,
       5.8923453582575569e-01, 8.3338936399644836e-01,
       7.5863657111902250e-01, 1.0395596594021097e+00,
       1.1382672551598829e+00, 4.9486743838358432e-01,
       2.6933867589071825e-01, 1.2868993280353058e+00,
       1.3135732433792173e+00, 1.6415669991002527e-01, 0.,
       1.3145963312193756e+00, 1.3275958174813427e+00,
       8.5802572431179724e-01, 9.5772083460298796e-01,
       1.2329452787404489e+00, 1.2462843298078223e+00,
       8.5210341895374997e-01, 1.2143863015307630e+00,
       1.0069549967521245e+00, 1.0019880981500824e+00,
       1.7197497335597431e-01, 2.8414568912698634e-01,
       7.0451024485292923e-01, 6.2238436680682874e-01,
       9.3561409534344309e-01, 1.3602974783091384e+00, 0., 0.,
       1.2083654957172907e+00, 1.1576782013386957e+00, 0., 0.,
       1.2180500743683182e+00, 1.1786936364379674e+00,
       1.0267482210523386e+00, 1.1816926474773641e+00,
       1.1618754027432150e+00, 1.3337426481963732e+00,
       8.5210341895374997e-01, 1.1689809521566399e+00,
       1.6344748007189935e-01, 2.4425449327818707e-01,
       2.4473284220824429e-01, 2.2161797449040130e-01,
       2.3535540292939316e-01, 4.6783540894803077e-02,
       4.7749238695164634e-02, 1.7082221055848162e-01, 0., 0.,
       3.4938857553164691e-02, 1.1662006966411015e-01, 0., 0.,
       1.2548262060059256e-01, 2.3830537333539484e-01,
       1.2124736924672547e-01, 1.9471812290307638e-01,
       2.3664032992799239e-01, 7.4575898720538589e-02,
       4.9649645973416923e-02, 1.4387894488589764e-01 ]
