45 35 36
41 30 34
34 23 27
44 33 37
42 30 32
39 24 27
41 25 26
45 33 35
46 34 38
39 27 31
50 38 42
53 38 41
54 35 37
52 32 33
41 21 22
50 35 38
74 59 62
65 50 53
75 59 60
76 57 59
77 57 58
92 76 77
95 79 80
94 78 79
85 66 68
90 70 71
69 53 54
48 28 29
49 29 30
59 37 39
84 54 56
71 42 44
71 49 51
85 53 54
61 35 36
72 50 52
97 75 77
62 42 43
108 79 81
81 58 64
57 36 41
53 37 40
64 49 52
65 53 55
49 39 40
31 22 23
71 55 56
39 20 22
89 67 79
60 40 51
52 35 45
50 37 46
43 32 40
35 24 32
42 31 37
54 43 49
39 26 33
39 24 31
67 50 56
58 39 45
39 18 25
62 33 35
111 82 87
96 67 72
85 58 63
81 56 60
51 26 29
59 37 39
44 22 24
57 32 35
92 67 70
88 62 65
85 56 60
47 27 28
54 38 39
46 27 29
46 31 36
61 49 53
87 75 77
87 68 70
76 61 66
68 57 61
89 69 70
94 78 81
85 73 75
78 68 69
62 56 58
59 55 56
51 49 50
36 30 32
46 27 31
63 37 40
76 60 61
67 51 52
63 53 54
33 31 32
96 74 77
48 39 40
63 47 48
58 46 48
31 21 22
41 22 26
55 40 45
28 16 18
17 8 9
55 45 46
69 60 61
59 38 43
60 43 51
55 43 47
58 49 52
70 50 51
80 71 74
57 51 53
84 67 75
91 79 83
97 77 78
59 50 53
40 35 39
76 74 77
88 86 89
109 88 97
101 84 90
82 71 75
81 71 72
78 69 70
54 50 51
32 30 33
62 62 64
72 72 74
66 62 63
47 38 39
89 64 70
99 78 85
103 84 90
84 68 69
70 54 55
43 33 34
53 44 45
44 40 41
25 23 24
55 55 57
71 71 73
66 64 65
57 32 36
99 76 82
68 56 58
60 48 50
77 78 80
52 50 51
58 33 36
52 18 19
58 49 50
52 43 46
45 36 39
44 34 35
19 17 18
69 44 47
74 49 52
75 46 51
89 59 67
74 43 49
71 40 45
81 49 52
63 59 60
27 23 24
16 11 15
35 26 27
10 8 9
104 77 84
102 76 87
52 50 51
40 38 39
17 15 18
45 43 48
82 76 78
43 27 28
101 77 90
50 41 42
33 31 32
52 52 54
106 105 110
113 86 95
94 67 82
82 55 72
127 102 121
113 88 109
120 93 112
49 37 41
79 66 76
54 42 54
29 17 29
46 36 47
75 65 73
48 42 44
119 98 115
90 69 88
53 29 51
72 47 69
88 60 83
98 66 90
102 68 93
103 69 93
123 88 110
132 95 113
130 92 107
96 59 67
62 28 29
36 27 30
39 27 37
38 24 41
31 16 37
31 16 37
26 12 29
65 51 64
42 29 36
29 19 20
108 106 109
85 69 72
74 58 69
58 43 66
39 23 52
55 36 66
52 31 62
76 51 81
88 59 89
98 63 93
101 65 93
113 75 100
132 92 116
52 40 42
56 40 50
70 52 68
71 52 74
83 60 86
89 66 92
82 58 80
95 72 90
73 53 64
58 41 47
59 44 47
47 35 39
37 26 32
72 61 69
32 20 22
46 35 39
70 61 64
27 21 23
34 28 30
57 51 53
74 65 68
88 76 78
65 45 47
44 25 31
68 52 62
59 45 58
47 35 49
41 28 48
61 46 77
42 25 61
72 52 87
75 51 87
75 49 84
74 44 78
93 59 92
103 66 99
107 68 97
126 86 113
50 31 35
84 64 75
105 82 100
106 82 106
126 100 129
130 101 132
112 83 113
124 96 121
110 82 104
111 84 99
103 80 90
108 87 94
88 69 75
49 32 40
52 35 45
79 59 70
43 20 28
66 43 49
89 72 80
78 63 70
79 66 75
36 25 33
13 3 11
66 56 64
96 85 91
84 73 77
70 58 60
51 42 43
56 44 46
62 47 50
65 50 53
54 37 43
46 29 37
45 29 39
57 41 54
39 25 42
40 28 48
46 36 60
62 53 80
47 36 68
56 42 78
35 17 57
72 51 92
78 53 93
68 42 81
71 41 79
109 75 112
135 98 132
97 57 91
113 72 102
140 100 127
88 63 66
62 39 45
91 67 80
133 105 130
97 68 99
118 86 123
122 88 125
94 58 94
120 83 116
114 79 103
126 93 112
111 80 95
114 86 98
116 88 100
89 63 76
77 53 67
73 46 61
46 15 30
53 21 36
99 68 83
114 90 104
104 81 97
105 87 103
91 74 90
44 30 43
56 44 56
49 37 47
35 24 32
38 27 33
45 33 37
45 33 35
46 37 38
44 43 48
54 55 60
43 43 51
44 43 51
40 37 46
40 34 44
51 43 56
35 27 42
41 32 51
41 31 55
59 49 76
42 33 64
36 29 63
44 38 74
70 64 102
57 49 90
62 46 91
46 27 73
90 68 115
97 71 118
84 57 102
81 50 92
115 80 122
138 102 140
105 67 104
111 71 105
134 95 126
139 99 125
133 95 120
136 98 121
132 93 114
131 83 107
95 73 76
93 70 80
134 109 130
137 108 136
117 88 119
78 46 83
95 60 102
112 75 118
93 55 96
118 78 113
108 69 96
122 87 107
95 63 78
104 72 85
119 89 101
100 69 84
89 60 78
78 46 67
80 42 63
105 67 88
129 94 116
132 99 120
121 89 112
119 91 113
121 97 119
115 96 116
86 69 87
54 40 55
24 10 23
25 13 23
45 34 42
45 34 40
40 29 33
45 40 44
48 51 58
43 50 58
25 32 42
34 38 49
29 31 44
28 27 43
54 51 70
46 43 64
18 14 39
39 34 64
55 49 83
35 29 67
41 36 77
39 33 79
50 47 94
53 45 94
54 37 89
46 23 75
84 60 112
87 60 111
84 56 104
84 52 99
108 72 116
125 88 131
124 88 126
117 79 116
127 90 123
132 95 126
120 84 112
124 88 116
128 94 119
116 77 104
116 67 97
141 92 114
97 74 80
87 66 73
117 94 110
112 85 118
97 67 105
77 44 87
94 58 104
102 64 111
85 46 90
123 85 122
98 62 90
113 78 100
88 55 72
110 78 93
119 88 103
78 47 63
72 43 63
83 49 73
120 80 107
125 80 109
130 87 117
115 76 105
99 62 93
120 87 116
137 108 136
121 97 123
102 83 105
74 57 76
47 33 48
50 38 50
57 46 54
38 29 34
23 14 17
29 27 30
46 51 57
33 40 50
15 21 33
38 42 54
33 36 51
24 25 45
58 59 80
57 54 81
38 35 66
59 53 89
75 68 109
48 42 86
45 39 87
40 33 84
55 48 100
56 46 99
73 54 110
67 44 100
89 64 119
82 55 108
93 65 114
98 66 115
111 78 123
123 86 129
122 85 126
114 78 116
120 84 120
115 80 113
98 65 96
113 80 111
125 92 123
107 70 103
114 68 104
130 80 117
112 65 97
126 80 109
66 45 54
89 69 80
113 93 121
87 62 101
74 47 90
68 39 85
94 62 111
84 51 98
67 31 75
141 105 143
124 89 119
117 83 107
71 40 58
86 55 71
86 58 73
42 13 33
74 46 69
133 100 127
116 75 105
105 60 93
122 78 111
121 80 114
100 60 94
125 90 122
140 109 140
96 67 97
111 87 113
90 71 91
62 45 63
51 37 50
55 43 53
42 33 38
22 16 18
17 15 18
55 58 63
41 45 54
26 30 39
56 60 72
47 49 64
23 24 44
54 52 74
49 46 73
42 39 70
43 37 73
71 64 105
54 47 91
34 26 75
46 38 89
88 79 132
80 67 121
64 45 101
64 39 96
82 55 110
71 44 95
92 64 113
98 66 113
97 64 107
99 64 106
102 67 107
101 67 104
113 79 114
104 70 105
83 52 86
101 71 105
118 88 122
96 65 99
105 67 106
118 76 114
91 49 85
101 62 93
130 91 118
126 88 109
55 36 42
77 59 71
113 96 112
116 101 122
75 58 90
75 57 95
46 25 68
72 49 95
100 74 121
59 31 79
60 29 73
107 77 115
117 88 118
122 94 117
80 53 72
62 35 52
51 26 45
50 25 46
99 75 99
133 104 134
116 76 110
110 66 102
113 69 105
92 50 86
79 39 74
113 78 111
131 97 130
103 72 103
95 69 96
106 84 105
80 61 80
51 37 50
53 42 50
39 30 35
14 8 10
15 11 12
46 44 47
52 51 56
65 64 72
67 65 78
29 26 43
39 36 57
60 54 80
38 31 62
50 43 77
50 42 81
61 53 94
46 34 80
34 22 70
72 58 107
89 72 124
60 37 91
62 38 90
64 37 88
66 38 86
84 55 101
76 45 87
98 66 107
97 65 102
80 48 85
97 66 100
116 85 119
102 72 106
85 58 91
99 72 107
102 76 113
84 56 94
90 59 100
93 63 101
86 56 92
94 63 95
98 68 94
109 77 100
84 43 47
62 45 55
89 72 88
111 96 115
110 96 121
79 65 98
61 49 87
38 23 64
69 52 96
91 72 118
61 38 84
63 38 80
93 67 104
106 81 110
104 80 102
63 40 58
57 34 52
54 33 52
50 28 51
94 71 99
124 97 128
104 69 102
96 56 91
87 47 84
78 40 77
79 41 78
86 51 84
89 55 88
86 55 86
98 70 95
116 92 114
91 70 87
49 33 44
43 30 37
39 29 30
38 29 30
24 18 20
52 45 52
59 53 63
47 41 55
27 20 38
33 25 48
32 23 50
59 50 79
60 50 84
56 44 80
54 42 80
55 40 81
65 50 91
71 54 98
62 40 86
67 44 90
64 39 81
72 45 86
101 73 111
80 53 88
91 61 95
99 68 100
84 53 85
105 76 107
111 82 113
97 70 103
82 56 91
86 62 98
91 69 107
76 54 92
77 56 95
72 52 89
74 52 88
94 70 102
100 76 102
111 86 108
122 89 100
109 65 66
62 43 49
74 58 71
99 84 103
110 96 121
101 88 116
79 69 103
50 40 77
35 23 63
69 54 97
83 66 110
61 43 85
63 42 81
79 58 91
110 87 113
100 78 99
59 38 55
68 47 66
73 54 74
63 43 68
95 74 105
121 97 131
87 57 91
84 50 83
83 49 82
82 48 81
70 36 69
69 35 68
78 47 78
76 46 74
86 58 81
105 80 99
88 66 79
52 32 41
39 23 26
43 31 33
41 30 36
37 25 35
48 37 51
46 35 52
35 23 45
57 45 69
52 39 65
42 29 57
71 58 88
80 65 96
62 47 78
78 61 95
70 48 84
73 49 85
60 34 69
68 43 75
103 77 106
76 50 77
80 52 77
93 65 88
84 56 79
107 81 106
93 69 95
81 58 87
72 51 82
67 47 82
80 63 99
74 58 95
75 61 97
62 48 83
68 53 86
96 81 112
106 88 114
112 90 111
108 84 100
65 35 47
69 34 40
97 77 78
54 34 43
86 69 85
97 83 106
109 96 122
88 77 107
67 60 93
45 38 72
40 29 69
65 53 93
76 61 102
57 41 80
58 38 75
78 57 90
118 98 123
99 80 100
58 39 58
75 56 75
88 69 91
69 49 77
89 68 101
104 82 118
75 51 83
80 55 85
99 72 103
90 64 93
53 24 54
72 43 73
107 77 105
74 44 68
89 61 83
76 49 66
62 39 49
83 62 67
40 25 28
16 3 10
84 72 82
69 58 72
42 31 48
50 41 60
43 34 55
39 30 51
84 72 94
81 69 91
42 28 51
79 64 87
76 56 81
72 49 75
58 34 58
58 34 56
82 57 76
62 38 54
70 43 58
65 41 55
67 43 59
89 66 84
65 43 64
62 42 67
65 46 74
55 38 70
73 57 93
76 62 98
62 50 86
55 44 78
64 50 83
105 92 120
131 115 141
127 110 129
102 81 96
51 25 36
115 84 90
82 65 75
93 79 96
83 69 94
101 90 120
76 67 98
52 45 76
47 40 73
49 39 74
63 51 89
72 56 95
51 33 73
48 26 64
84 60 92
122 99 125
102 78 100
58 35 55
74 52 73
87 64 90
62 38 70
70 45 84
74 52 90
70 54 83
78 62 88
84 66 92
73 53 78
45 22 48
70 44 69
106 78 101
66 38 60
67 38 56
98 70 84
92 76 79
21 6 13
61 49 59
51 41 52
34 26 39
55 49 63
56 49 65
42 35 51
68 59 76
53 45 60
21 10 26
68 56 70
59 41 55
62 42 54
72 50 62
77 56 65
93 70 78
94 71 77
88 65 71
44 21 29
57 35 47
42 24 40
54 37 56
68 52 78
58 43 72
63 49 82
67 53 88
59 43 79
63 48 81
62 47 78
102 86 113
135 120 143
111 94 113
69 48 63
34 11 21
84 65 67
95 82 100
70 57 83
86 77 108
69 59 93
44 35 66
46 37 68
55 44 78
63 49 85
67 49 87
49 29 66
45 21 55
84 59 89
131 105 130
112 87 109
67 42 63
77 52 74
86 60 89
61 34 69
63 36 77
58 36 74
68 55 81
71 63 84
39 30 51
38 25 45
49 31 53
55 33 54
75 50 71
71 44 61
99 71 85
79 64 69
51 40 48
44 36 47
23 17 29
56 53 64
54 52 63
28 26 37
36 33 44
44 41 50
55 50 57
102 92 100
45 25 26
35 16 22
33 17 28
52 38 55
72 58 81
65 52 80
49 38 70
51 37 72
75 58 92
86 65 98
78 59 89
110 91 119
131 111 136
84 65 84
44 24 36
37 16 23
55 30 33
90 74 75
93 80 100
68 55 83
66 56 90
64 54 89
48 37 69
38 25 55
57 42 75
66 49 85
64 42 80
55 30 69
50 23 58
76 47 77
135 105 131
124 95 117
78 49 71
80 50 74
85 56 86
63 33 69
66 35 79
55 30 70
56 48 72
59 58 74
20 16 33
29 22 40
52 39 59
46 29 48
82 61 78
114 90 106
63 53 62
42 36 46
29 27 38
46 46 56
40 40 50
40 40 48
60 61 66
88 89 94
41 22 24
34 19 26
41 27 42
56 44 64
63 53 78
40 31 62
48 34 67
83 59 93
89 62 95
93 68 98
131 106 135
136 114 137
86 65 84
73 53 65
97 76 85
66 44 47
97 80 86
92 78 101
71 58 86
52 42 76
63 53 87
56 43 73
29 16 44
53 38 69
67 50 84
58 38 73
58 36 72
56 31 63
63 36 67
122 92 120
119 87 111
75 43 67
70 40 66
73 44 74
53 26 59
57 31 68
42 25 59
41 39 61
50 53 68
33 32 46
48 42 54
51 38 48
56 36 45
89 66 72
88 65 73
88 75 85
27 17 26
53 48 55
42 40 45
37 37 39
86 86 88
38 22 25
26 10 20
35 22 39
59 47 69
40 30 57
57 42 73
71 48 77
69 43 70
84 60 86
126 102 126
115 91 113
65 42 62
76 53 69
115 93 105
103 82 89
36 26 27
100 80 82
102 82 93
71 56 79
65 52 80
61 47 80
59 45 78
50 37 65
54 39 68
45 32 60
42 29 59
51 38 68
53 38 69
53 34 66
63 37 72
83 54 85
105 74 105
93 60 89
120 90 118
77 53 77
50 30 55
33 19 42
28 23 45
26 33 52
19 19 29
58 49 52
56 40 41
71 59 73
80 67 87
75 58 77
89 68 87
117 92 111
106 82 95
36 15 22
55 39 40
77 60 76
80 65 88
91 73 97
96 77 99
101 80 99
109 86 102
47 28 32
45 28 38
51 34 52
65 47 71
63 45 71
69 52 70
74 56 72
105 87 103
91 70 87
46 23 41
85 60 79
82 55 74
92 65 82
113 85 100
124 94 106
96 65 71
51 20 26
36 30 32
103 82 89
94 76 88
85 70 93
70 56 82
52 39 69
63 50 80
57 43 69
58 45 71
45 35 60
38 28 55
43 33 60
45 34 64
50 35 66
66 45 78
74 47 80
99 68 100
94 63 94
106 77 105
64 42 63
48 34 51
32 26 40
35 34 48
27 34 52
22 29 45
7 4 11
37 26 34
84 79 101
76 70 98
62 49 75
72 52 77
100 75 97
129 100 120
117 89 103
55 29 38
66 46 47
57 42 63
63 48 81
64 49 82
73 56 88
79 58 89
82 59 85
116 93 113
42 23 25
36 19 27
53 36 52
69 51 73
67 52 73
55 41 54
72 59 68
69 51 65
58 37 54
76 51 72
76 48 70
100 71 93
108 79 101
100 68 89
114 83 101
102 70 83
79 44 51
89 72 82
118 101 117
87 72 93
71 57 82
45 32 60
69 56 84
65 51 76
63 51 75
46 36 60
34 26 50
39 30 57
43 33 60
50 35 64
64 45 75
71 46 78
92 63 94
100 71 101
90 64 91
52 30 51
46 32 49
34 28 40
49 47 60
26 27 47
33 30 49
7 0 5
35 30 37
78 76 98
69 64 96
50 39 69
57 41 68
83 60 86
108 83 104
103 79 95
55 33 45
89 74 79
60 48 50
45 32 52
64 49 80
56 41 74
67 50 86
70 50 85
60 39 70
95 75 100
131 110 129
44 29 34
22 9 19
50 37 54
70 56 79
67 55 75
43 33 44
79 68 76
104 90 103
48 30 46
72 51 68
63 40 60
68 43 64
88 60 83
113 84 106
98 66 87
110 77 96
115 80 87
85 69 79
95 81 94
71 58 76
63 49 72
40 28 52
74 62 86
69 55 78
61 49 69
39 31 52
32 27 49
45 40 63
47 42 65
44 34 59
49 33 60
82 59 88
87 61 90
106 80 107
86 62 86
49 30 49
38 26 40
30 24 34
61 58 69
24 16 37
31 18 38
27 5 17
43 43 51
60 60 84
72 69 100
54 45 76
58 43 72
83 63 88
88 66 87
79 58 75
57 39 51
47 36 42
31 18 36
64 51 79
56 41 74
64 47 83
70 50 87
59 39 74
90 69 100
112 92 117
116 97 116
65 54 62
19 9 20
41 33 48
63 56 74
58 51 67
47 40 48
96 86 94
69 57 67
37 21 34
73 55 71
54 33 52
65 42 62
86 58 81
120 90 114
111 79 102
98 65 86
109 74 94
129 95 112
36 27 28
77 64 71
94 82 92
67 55 69
49 38 55
28 16 36
70 58 78
65 54 71
51 42 59
29 25 42
31 28 45
54 51 70
57 52 74
40 30 54
30 16 41
93 75 101
85 62 88
108 84 108
91 69 90
59 42 58
28 18 29
22 19 28
65 59 71
30 17 37
27 5 26
81 51 63
27 31 40
60 62 85
87 84 115
61 52 83
53 38 67
77 59 85
70 51 73
71 52 71
91 75 88
52 50 53
44 44 46
62 60 63
36 31 35
61 52 57
35 24 32
33 20 37
70 56 81
57 41 70
51 34 68
64 43 82
65 44 85
86 66 103
104 85 117
120 102 128
119 104 123
95 85 96
26 20 32
33 29 43
52 49 66
51 47 62
67 62 69
100 93 100
39 29 38
36 24 36
61 47 62
52 33 52
66 44 65
98 73 95
114 86 109
106 74 98
82 48 72
106 71 93
130 92 113
126 88 109
44 35 36
74 64 65
65 54 60
104 92 102
70 60 71
47 36 50
26 15 32
60 49 66
56 45 61
43 35 48
24 20 34
30 28 42
54 53 69
56 55 71
34 30 47
22 10 30
92 77 98
80 61 83
101 79 100
92 73 92
69 55 68
18 11 19
20 17 24
54 48 58
39 24 43
25 0 21
124 92 103
23 24 26
7 9 21
68 69 90
88 84 111
52 42 69
40 26 51
66 46 71
66 44 65
85 67 83
92 87 93
43 42 47
45 44 49
55 53 58
37 30 37
74 64 72
75 62 72
89 75 88
108 91 109
86 68 94
62 41 74
73 51 90
76 53 95
73 51 90
95 73 111
125 106 136
110 95 118
109 98 112
43 37 47
36 33 44
47 45 58
60 58 69
89 87 90
61 56 60
25 18 25
37 27 36
48 36 50
55 38 56
66 47 67
87 63 85
102 77 99
107 77 101
89 55 80
112 77 101
120 82 105
97 57 81
133 96 113
66 57 60
55 46 51
89 79 88
57 47 58
64 53 67
51 39 53
50 38 52
45 35 46
39 31 42
25 22 33
25 25 35
41 43 55
42 44 57
31 29 43
28 21 39
74 61 81
71 54 73
88 69 88
86 69 85
76 64 76
16 9 17
23 20 27
36 30 40
39 25 42
18 0 13
50 44 48
26 23 32
24 21 32
30 26 40
74 69 89
80 71 92
60 47 67
72 53 73
98 75 95
102 78 94
71 65 69
45 40 44
45 40 44
59 52 59
55 45 53
95 79 90
116 93 113
94 68 97
108 80 118
96 68 109
57 29 70
86 60 99
129 105 137
110 90 115
127 113 130
100 88 100
59 52 60
49 44 51
48 45 54
86 83 90
104 102 105
75 73 74
45 43 46
30 25 31
28 21 29
41 30 44
56 43 60
62 45 64
66 44 67
94 70 94
104 76 101
101 68 95
110 74 102
105 66 93
98 58 85
122 83 104
74 68 72
53 43 51
63 53 62
33 23 34
85 73 85
83 71 85
45 33 47
39 27 37
39 32 40
28 25 32
22 22 30
29 32 41
29 33 44
30 30 42
39 35 50
54 43 60
61 47 64
77 60 76
79 62 78
77 65 77
17 10 18
28 26 31
21 18 25
30 18 32
11 0 7
30 14 17
45 32 42
42 30 44
62 49 66
78 65 83
84 71 88
84 67 83
92 71 86
64 53 57
50 41 44
53 44 47
82 71 77
83 67 77
99 79 90
109 82 87
116 88 102
114 85 107
138 107 139
114 82 121
49 17 56
84 52 89
130 101 132
115 91 115
117 99 115
88 72 83
71 60 68
63 54 59
54 47 54
47 45 46
40 35 39
18 13 20
38 30 43
58 47 63
56 43 61
66 48 70
89 66 92
81 55 82
95 65 93
109 74 104
108 69 98
119 78 108
109 71 96
123 92 107
104 70 71
93 88 92
108 103 109
38 33 39
37 30 38
36 26 37
66 54 66
119 105 120
120 103 121
40 23 39
29 17 27
54 44 52
46 43 50
18 18 26
28 32 41
31 35 46
15 15 27
37 33 47
56 47 64
52 39 57
86 69 87
95 78 94
66 54 66
28 18 27
11 6 12
45 42 49
28 22 32
42 31 39
46 17 19
54 28 39
102 77 96
120 95 117
118 92 117
121 96 118
97 73 86
92 67 73
96 81 84
97 78 84
90 67 77
87 59 71
80 49 57
112 79 88
76 39 57
104 65 94
145 105 139
114 74 111
83 46 80
113 80 109
99 70 92
116 92 106
106 85 94
53 36 42
53 38 43
76 63 70
61 50 54
28 24 25
28 23 27
26 21 28
37 31 41
62 54 69
54 42 62
60 45 68
88 68 95
96 71 100
81 50 81
84 49 81
111 74 105
126 85 117
116 77 106
126 94 117
119 91 106
118 85 92
68 32 34
34 32 33
52 50 53
77 74 81
60 57 66
28 22 32
58 50 63
69 57 71
93 79 96
128 111 129
124 105 125
61 43 59
12 0 6
66 57 62
56 51 57
11 12 17
28 33 39
29 33 42
14 16 28
65 63 76
49 40 57
42 29 47
83 69 86
115 98 114
92 78 93
41 31 42
19 14 21
56 53 60
46 43 50
36 30 34
91 59 64
98 66 81
113 81 104
142 107 137
131 95 121
91 60 68
78 59 61
71 48 54
62 35 44
70 36 50
98 63 70
101 63 78
96 56 80
103 62 92
120 79 111
116 77 108
89 54 78
80 47 66
106 78 92
116 90 99
88 67 74
101 82 88
38 34 35
30 28 33
24 21 30
50 44 58
55 46 65
51 37 60
74 58 84
85 62 91
76 49 80
88 57 89
118 83 116
123 86 120
105 68 101
102 72 98
127 99 121
114 86 101
103 68 74
31 29 32
42 39 46
58 56 67
33 29 43
35 28 44
88 76 96
99 84 105
113 95 119
128 105 131
126 102 128
94 70 92
15 0 9
55 42 51
45 38 46
12 11 19
26 29 38
18 22 31
15 17 29
84 82 96
42 33 50
35 20 39
80 63 82
129 112 130
113 96 112
48 34 47
21 11 22
54 49 56
47 44 51
36 32 33
117 78 107
130 87 117
94 57 64
63 41 43
52 25 32
76 44 55
113 75 90
117 81 93
115 76 97
113 73 99
116 76 103
131 91 117
83 45 66
72 38 54
98 66 79
121 91 103
116 90 101
44 40 41
43 41 46
32 29 38
45 41 55
51 44 62
44 34 58
60 46 72
69 50 80
74 50 82
94 64 98
118 84 119
116 80 116
97 61 97
94 63 94
126 96 124
113 81 104
70 31 34
32 28 29
40 37 44
32 30 41
23 21 35
49 45 62
59 51 72
104 92 116
104 86 112
110 87 116
113 86 117
124 95 126
124 95 123
60 37 53
33 18 25
19 9 17
18 15 24
29 29 39
17 19 31
19 18 32
71 67 82
43 32 49
37 22 41
77 58 78
124 105 125
111 92 111
49 32 48
19 7 21
40 32 43
26 19 26
55 46 47
113 74 105
144 102 140
113 68 99
111 72 75
45 25 27
40 13 22
111 77 93
105 71 85
133 98 118
104 66 91
115 77 100
88 54 71
72 40 55
83 53 65
106 78 92
115 88 103
122 97 116
122 98 122
105 84 103
58 53 59
57 54 63
50 46 60
43 39 56
52 44 67
51 41 66
59 44 73
76 57 89
92 66 101
98 68 104
99 67 104
102 68 105
111 79 116
113 82 114
131 98 125
131 98 119
111 74 81
49 44 48
59 56 65
61 59 72
55 52 69
69 64 86
71 61 86
103 88 117
96 75 108
100 74 111
101 71 109
122 87 127
143 109 142
112 88 104
51 34 44
12 0 10
16 10 20
44 42 53
42 42 54
23 22 36
44 40 57
43 31 51
47 32 55
74 54 79
111 89 112
104 82 103
61 42 61
41 27 44
48 34 47
21 8 17
92 73 75
137 103 127
113 78 110
125 87 126
124 83 127
96 55 87
61 45 48
50 30 39
75 48 63
127 92 114
65 39 50
24 3 10
48 24 37
46 19 36
97 68 90
100 68 91
103 71 92
92 61 77
71 40 55
65 37 52
83 59 75
102 78 100
104 81 109
94 70 104
80 60 87
25 16 17
63 57 61
64 61 68
46 42 56
46 43 60
68 63 85
52 43 70
58 45 75
83 66 100
86 64 100
73 47 86
82 54 94
113 82 123
123 91 132
110 76 113
126 93 124
121 87 112
84 45 46
53 48 54
73 70 81
69 67 81
59 54 76
66 57 84
59 48 78
93 76 110
94 69 108
97 69 110
96 60 104
120 81 126
145 109 145
102 82 93
41 28 38
13 5 16
54 51 62
63 62 76
25 22 39
29 25 42
43 31 53
56 41 64
74 51 77
101 77 103
103 79 103
84 62 83
76 59 78
71 53 69
48 27 36
103 73 85
119 89 113
114 85 116
107 75 114
104 68 112
86 51 83
45 32 39
70 54 65
124 101 119
130 95 125
121 88 115
57 36 53
49 33 46
41 22 41
52 30 51
80 56 80
105 79 104
109 84 106
98 73 94
107 83 99
80 56 70
57 34 52
68 46 67
90 70 98
88 66 104
73 51 97
71 49 85
26 16 17
58 52 56
49 44 51
33 31 44
57 54 71
78 75 96
54 50 75
59 50 79
88 74 107
86 69 105
64 42 80
78 52 91
119 91 132
116 83 126
118 81 124
100 64 100
113 76 107
137 99 120
66 57 58
68 61 68
84 81 92
64 61 80
72 67 90
54 45 76
46 32 68
89 68 109
96 71 113
94 61 108
85 47 96
112 70 118
140 99 139
128 99 121
81 65 76
28 17 31
36 32 46
44 42 56
19 16 33
29 24 44
44 32 56
62 44 70
72 47 76
95 69 96
103 77 104
91 67 91
88 69 91
78 55 73
76 46 58
78 52 63
101 77 99
107 83 115
88 63 103
93 66 111
74 44 78
63 47 48
48 36 40
47 35 45
84 71 88
122 103 125
111 85 114
97 63 98
105 76 107
52 37 60
47 38 57
32 20 44
47 33 58
63 47 73
76 58 82
100 81 103
94 72 93
122 101 118
89 71 87
52 33 53
55 35 62
79 59 96
73 54 100
59 40 95
69 51 93
119 99 110
56 47 52
39 34 41
34 32 45
61 60 76
76 74 96
55 52 79
60 53 84
89 78 112
95 79 116
79 58 97
87 62 102
116 88 129
110 74 120
123 84 129
94 56 97
112 75 108
65 55 56
34 25 30
89 81 92
106 99 115
53 48 70
64 58 86
51 41 75
41 26 65
87 69 111
94 71 115
80 52 100
66 34 83
98 62 110
128 93 135
114 84 112
114 89 110
104 85 104
52 38 55
10 1 18
9 2 18
15 8 24
34 25 44
48 35 55
62 44 66
64 45 67
89 67 90
96 74 97
81 59 82
78 59 81
64 43 62
81 50 65
61 37 51
87 67 92
94 74 109
70 52 94
85 66 111
61 37 71
56 44 46
50 41 46
78 70 81
109 98 114
99 84 105
84 64 91
87 62 92
88 65 94
81 69 91
39 31 52
26 18 41
25 15 39
45 33 57
72 58 83
73 59 82
80 65 86
112 97 116
81 66 87
40 25 48
40 25 54
68 54 90
67 51 96
57 43 96
79 62 104
98 80 94
64 52 56
58 47 53
44 37 45
49 43 55
62 55 71
74 66 87
60 50 74
66 53 79
94 78 107
109 88 119
102 76 111
99 72 107
112 80 117
113 76 119
122 81 125
112 71 111
117 78 109
119 82 89
32 17 20
51 40 46
37 26 34
67 57 68
109 98 114
62 53 74
61 51 76
68 57 89
47 35 71
44 32 70
60 45 86
61 44 86
61 44 88
71 52 97
82 63 108
113 90 132
116 88 128
105 78 113
99 74 104
81 58 86
79 61 83
40 26 43
61 49 61
72 60 72
55 43 55
56 42 55
108 94 109
98 83 102
49 34 55
54 40 63
56 41 62
72 51 66
65 42 62
101 82 114
63 46 88
58 42 89
43 27 76
48 28 63
93 86 93
58 50 61
87 79 92
98 87 103
55 42 60
60 49 66
105 97 112
64 56 71
43 34 51
53 44 63
38 29 48
37 28 49
69 59 83
68 58 82
79 69 94
84 74 99
43 33 60
35 26 55
76 66 100
62 52 87
38 28 65
75 64 96
97 84 101
95 82 91
99 86 96
90 77 87
47 34 44
39 26 36
74 58 69
83 65 79
79 58 73
69 44 63
95 68 87
119 90 112
107 73 97
106 71 95
120 82 107
116 75 105
119 78 112
113 71 107
118 77 109
113 74 101
137 99 120
61 49 53
72 62 70
41 31 40
89 78 92
96 85 102
52 40 62
67 54 80
61 50 80
47 36 70
43 31 67
59 47 85
62 50 88
57 46 86
59 48 88
68 57 97
101 86 127
101 76 118
89 61 102
96 70 107
97 72 104
103 83 108
68 51 70
17 3 18
54 40 53
62 50 60
58 46 56
56 46 57
87 76 90
92 81 98
53 41 63
48 35 61
71 57 82
62 48 65
46 22 46
100 80 117
72 56 101
52 38 87
42 30 80
52 35 71
56 50 54
32 27 33
60 55 62
68 62 72
38 32 44
50 43 59
85 76 97
66 56 81
66 56 81
81 71 98
59 49 76
51 40 70
82 73 104
87 78 109
81 72 103
69 60 91
46 39 70
57 50 81
85 79 107
66 60 88
45 39 67
65 57 81
70 59 75
92 80 92
91 79 91
110 96 109
88 72 83
59 41 53
92 72 84
95 71 85
98 70 85
82 51 67
100 67 84
121 87 104
114 75 96
112 73 94
119 77 99
107 64 91
118 75 105
105 64 94
111 71 98
111 73 98
132 94 115
129 92 109
83 77 81
50 43 51
116 108 119
74 66 81
40 31 50
68 58 82
54 44 71
47 36 66
41 32 63
60 50 84
65 55 89
56 46 80
49 39 73
55 45 79
90 76 112
86 63 105
78 51 94
89 64 103
93 72 105
114 94 122
107 89 111
57 42 61
54 40 57
35 23 37
52 40 54
73 62 79
85 73 95
84 71 97
51 38 66
38 25 55
91 76 105
60 45 66
28 4 28
92 75 111
79 63 108
46 32 81
49 37 87
60 43 79
48 39 40
29 23 25
29 23 27
46 39 47
46 38 49
35 27 38
53 44 65
46 33 76
47 33 84
66 52 103
92 78 129
75 61 110
62 49 95
83 70 114
84 71 114
62 50 90
52 40 78
66 56 90
96 87 116
100 91 118
72 64 88
51 43 67
50 41 60
68 56 70
103 90 100
95 82 92
71 53 65
94 74 86
93 69 85
115 88 105
97 68 88
108 76 97
124 90 114
119 83 109
120 81 108
120 80 107
104 63 93
132 91 123
121 80 112
121 80 110
113 75 100
131 93 114
122 88 104
119 83 93
101 66 70
64 58 60
66 59 66
57 49 62
47 38 55
63 54 73
51 41 65
49 41 65
42 33 60
60 51 78
66 57 84
55 46 73
42 33 60
43 34 61
75 64 94
78 60 98
74 51 93
77 56 95
74 54 89
103 84 114
132 116 142
103 88 109
70 55 76
16 3 21
33 20 40
96 84 106
104 91 117
71 58 88
40 26 61
35 21 57
100 85 118
65 49 75
95 74 91
29 6 32
79 62 98
73 57 102
44 30 79
62 50 98
64 47 81
101 70 76
26 17 18
40 34 36
31 24 31
12 5 13
8 1 9
18 9 28
36 24 64
34 20 71
41 27 78
64 50 99
61 48 94
58 45 89
78 65 108
75 63 103
57 45 83
68 57 91
96 85 117
106 97 124
81 73 97
57 49 72
56 48 71
62 53 70
62 50 60
85 72 79
98 85 92
93 73 85
105 84 99
109 86 104
115 90 111
109 81 104
118 88 114
128 95 124
120 87 118
120 85 117
122 87 120
113 76 110
139 99 133
137 98 129
134 95 124
113 77 103
136 101 123
107 74 83
52 18 19
46 41 48
60 54 66
52 46 60
49 42 60
53 45 66
45 37 58
58 50 71
61 53 74
52 44 65
43 35 56
39 32 50
63 53 77
73 57 93
63 45 85
63 45 83
66 49 83
94 78 107
130 116 142
121 107 132
94 80 103
39 25 48
22 8 33
96 82 108
108 93 124
55 41 76
38 23 62
46 31 72
95 79 118
72 55 87
68 49 71
122 96 107
45 25 50
64 48 84
59 44 87
45 32 78
73 60 106
66 46 81
104 73 79
110 99 113
82 70 92
71 59 83
54 42 66
56 44 68
52 40 64
56 44 68
81 69 93
85 73 97
69 57 81
114 102 126
116 104 128
71 59 83
48 36 60
56 44 68
75 62 82
69 53 63
73 57 60
105 84 99
96 75 92
102 79 99
93 69 93
102 76 105
115 88 119
117 87 123
105 75 113
106 74 113
116 84 125
120 85 125
121 83 122
126 89 123
130 93 126
114 80 107
139 105 129
122 89 98
73 38 42
45 40 46
65 60 67
44 38 50
45 39 53
60 54 68
50 43 59
55 48 64
51 45 59
49 43 57
51 45 57
43 37 49
54 45 62
59 46 76
51 35 71
57 42 75
73 58 89
92 77 106
109 95 121
113 99 124
112 98 121
88 74 99
38 24 49
73 58 87
77 62 95
45 31 67
52 37 76
59 44 87
78 63 104
70 54 91
60 42 68
101 77 90
117 91 104
59 39 64
54 38 74
53 38 79
49 36 80
72 59 103
64 45 77
105 74 82
82 73 78
62 52 60
66 56 65
60 50 61
96 85 99
98 86 106
56 44 66
48 36 60
65 53 77
89 76 94
79 64 69
83 67 68
103 82 97
76 55 74
76 54 77
67 44 72
87 62 94
101 75 112
95 68 109
84 57 100
87 60 105
101 72 118
111 79 126
108 72 116
112 75 116
125 89 125
116 83 114
127 94 121
120 87 108
47 45 48
52 50 55
41 38 45
34 31 40
67 61 71
55 49 59
52 46 56
40 34 44
48 41 49
63 56 63
52 45 52
47 39 50
36 26 50
54 41 69
64 51 77
69 57 81
76 62 85
88 74 97
106 91 112
119 104 125
116 101 124
79 63 89
59 43 72
41 24 56
50 34 70
71 55 92
58 43 82
59 44 85
60 43 85
71 51 86
84 59 80
99 75 89
58 40 66
52 37 70
62 47 86
53 41 81
62 47 88
62 43 71
103 72 80
95 83 95
53 39 54
40 25 44
62 47 68
90 74 100
106 92 109
79 63 66
96 78 92
77 58 78
77 57 84
62 41 72
81 59 97
89 66 108
81 58 104
76 52 102
82 58 110
91 67 119
100 72 123
99 67 116
107 71 119
124 88 132
115 80 120
113 79 112
99 66 93
123 92 110
108 73 77
51 49 50
39 37 40
43 41 46
25 22 29
71 66 73
58 53 60
49 44 51
34 27 34
46 40 44
70 64 66
58 52 54
44 37 44
20 11 28
68 56 78
77 65 85
55 42 60
53 40 58
79 65 82
108 94 111
121 104 122
116 99 118
113 95 117
63 45 71
22 6 33
61 46 77
81 66 99
49 35 70
47 33 69
48 33 76
84 66 104
74 50 74
84 62 75
49 34 57
52 38 71
71 59 95
56 44 80
50 36 71
62 44 68
112 82 90
66 50 51
50 38 40
51 40 44
67 56 62
49 36 45
42 29 38
89 76 86
107 96 104
51 41 42
50 37 44
48 35 44
50 37 47
67 53 68
94 77 95
96 79 98
78 62 75
78 60 76
73 54 76
74 55 83
73 53 88
88 67 108
87 68 113
78 58 107
80 60 113
88 68 121
91 70 126
94 69 126
82 52 106
99 66 119
119 87 136
105 74 118
105 75 113
101 70 102
124 94 118
88 54 55
41 37 38
31 26 30
51 46 52
58 51 58
51 44 51
31 24 31
32 23 28
46 37 42
50 39 43
41 30 34
27 18 23
14 4 15
48 37 51
60 48 60
49 35 48
51 35 48
79 61 73
108 90 102
110 92 106
106 88 104
120 101 120
109 92 111
32 17 38
53 39 62
49 35 60
59 46 72
28 17 51
44 31 75
106 89 133
103 80 109
80 53 68
79 61 73
22 7 30
64 51 79
68 57 89
54 43 75
53 40 68
72 53 73
73 57 58
87 75 79
49 38 44
66 55 63
81 69 79
48 36 48
47 35 47
69 55 70
53 38 57
63 48 77
58 45 75
37 24 52
64 52 76
87 73 96
89 76 94
82 68 83
120 106 119
89 76 86
72 56 66
95 79 89
71 54 64
82 65 75
99 81 93
109 91 103
70 53 63
70 53 71
79 61 85
76 59 91
90 72 110
89 71 113
81 64 109
51 33 83
75 57 109
94 75 130
64 47 102
89 68 125
101 71 131
97 63 123
109 76 131
92 60 110
82 51 95
107 77 115
111 82 112
105 76 98
35 29 31
32 26 30
58 51 58
29 22 29
42 32 40
33 23 31
26 15 21
35 24 30
37 25 29
26 14 18
19 7 11
27 16 24
52 41 49
56 43 52
37 20 28
34 14 23
62 42 53
93 71 83
101 79 91
90 68 81
126 105 120
125 107 123
72 55 71
34 21 38
35 24 41
50 41 60
55 45 72
52 39 85
86 70 117
75 54 87
57 32 51
63 47 58
30 17 37
56 43 69
61 51 76
52 39 65
28 14 37
84 67 83
91 75 76
59 44 47
92 80 84
84 73 81
57 47 56
82 72 83
117 104 121
107 94 111
99 86 104
97 84 102
75 61 87
76 61 100
72 57 100
55 40 79
76 62 97
86 71 100
96 82 107
108 93 112
92 77 84
99 82 88
77 60 66
86 69 75
87 72 75
69 53 64
71 57 74
71 55 81
75 60 93
86 70 109
79 64 107
85 69 116
69 53 102
83 66 118
88 74 125
60 46 99
86 67 122
102 74 133
96 66 126
92 63 119
80 52 103
80 53 98
94 66 106
88 61 92
77 49 72
104 68 70
28 19 22
35 26 31
72 61 69
50 38 48
73 60 70
77 64 74
65 49 60
71 55 66
87 71 81
91 74 84
90 73 81
78 63 70
92 75 83
88 68 77
56 35 44
39 16 26
51 25 36
60 32 44
58 32 43
78 52 65
104 88 99
31 19 31
39 29 40
38 32 44
54 46 69
61 49 95
73 57 106
59 39 74
52 29 49
50 37 46
44 33 50
50 41 62
54 42 64
55 44 61
23 11 25
115 98 108
64 44 45
77 58 60
64 49 52
40 27 34
64 54 62
59 49 60
57 46 62
78 67 84
98 86 106
95 83 107
98 85 111
117 104 130
131 118 146
127 113 148
125 111 146
104 89 120
104 90 116
97 82 103
110 96 113
62 50 54
67 53 66
66 53 73
63 48 77
73 59 94
78 63 102
69 54 97
88 72 119
86 73 119
84 70 119
80 66 115
60 46 95
79 62 114
83 58 115
91 62 120
89 60 114
89 61 110
86 59 104
82 56 93
90 63 94
94 66 89
109 78 94
120 89 97
101 65 69
36 27 28
26 15 19
47 36 44
93 80 90
103 89 102
111 94 110
120 102 118
95 77 93
87 66 81
118 97 112
103 81 93
114 93 102
108 82 93
98 68 80
91 61 73
63 31 46
39 8 23
73 45 59
44 32 42
25 18 26
13 10 17
40 35 55
54 42 88
65 51 102
56 39 75
61 39 60
108 83 89
52 39 48
54 43 57
50 41 58
42 31 47
66 54 66
64 51 60
70 54 55
73 58 61
60 49 53
51 41 49
58 50 61
41 35 49
62 55 73
74 66 89
76 68 92
78 67 97
77 66 98
79 68 100
91 78 108
131 118 144
96 74 77
94 71 77
71 51 53
50 41 42
66 57 62
60 49 63
57 45 65
64 51 79
70 59 93
67 55 95
59 46 89
84 71 115
85 72 116
71 58 102
69 56 100
60 49 91
69 53 98
63 41 90
69 45 95
68 45 91
76 51 93
73 48 87
78 54 86
97 73 99
92 65 84
73 45 57
76 45 51
80 44 46
29 18 22
37 24 31
83 67 78
119 101 115
113 94 113
100 79 98
120 96 118
97 73 95
75 50 72
115 90 112
135 107 130
112 84 106
117 90 107
112 83 101
118 87 105
106 73 92
116 81 101
137 99 120
121 83 104
110 75 95
65 32 49
92 64 79
108 84 98
104 86 98
63 51 61
10 5 12
15 14 19
80 77 96
40 31 78
61 46 101
52 34 74
62 40 63
93 70 78
53 42 48
45 37 48
44 36 49
26 16 27
77 66 74
62 51 55
55 49 53
54 49 56
40 34 46
54 50 67
71 66 88
62 56 82
59 52 83
91 81 116
99 88 128
67 56 96
42 31 63
62 51 67
94 69 72
62 37 41
47 26 31
58 52 54
73 66 74
48 40 55
51 42 63
76 65 95
69 57 93
60 48 86
56 44 84
74 61 104
68 56 96
50 38 78
58 46 84
63 51 87
60 46 82
46 28 66
74 52 91
89 67 105
71 50 83
53 33 61
83 61 84
108 85 103
83 60 70
58 31 36
33 21 25
66 50 60
105 87 101
110 89 106
93 71 92
77 53 77
113 87 112
103 74 102
77 48 76
112 82 110
122 92 120
102 69 96
105 71 96
102 68 92
122 87 111
118 80 105
127 87 113
127 84 111
124 84 110
127 92 114
86 54 75
68 44 60
88 70 84
68 56 68
68 67 85
47 38 85
64 49 104
52 36 75
68 48 73
84 63 70
49 40 43
33 28 34
34 29 36
19 12 19
92 81 85
39 33 35
47 42 48
42 39 48
16 14 28
66 63 82
79 75 100
58 53 85
44 38 74
78 71 112
97 88 131
79 70 115
67 57 94
66 57 78
94 84 95
76 65 73
78 67 71
108 82 85
59 39 41
51 49 52
62 59 68
39 35 50
52 44 67
85 76 105
67 57 92
57 47 84
54 43 83
62 50 88
53 41 79
40 28 64
53 42 74
62 51 81
53 40 68
49 33 62
73 54 82
94 76 102
69 51 75
75 58 76
77 55 58
60 45 52
86 68 80
93 75 91
81 60 79
78 54 78
75 49 78
113 84 114
96 65 96
71 40 72
90 56 89
89 55 88
92 57 90
99 62 95
107 66 100
137 93 128
120 76 111
109 63 99
118 73 106
106 61 94
122 78 111
95 61 86
64 36 58
98 79 98
47 35 49
21 15 25
10 10 18
49 47 68
54 44 94
56 41 96
52 35 77
85 65 92
85 64 73
51 42 43
37 32 36
37 32 38
37 31 33
54 45 46
41 36 40
53 50 57
43 41 52
33 32 48
67 65 87
82 79 108
69 65 100
58 51 92
70 63 107
71 62 109
62 52 102
71 59 109
88 74 123
95 79 124
91 75 114
92 77 110
69 53 79
79 62 80
80 63 71
85 69 70
38 38 40
38 37 43
56 53 64
44 40 57
47 42 65
74 67 98
63 56 90
60 50 87
54 44 81
52 40 76
52 41 75
49 38 70
53 43 70
59 46 72
52 40 64
60 45 66
47 32 51
67 53 70
79 63 76
45 33 35
65 50 57
83 66 76
80 59 74
81 60 79
56 32 56
67 41 68
101 75 104
78 51 82
62 35 68
76 46 82
77 47 83
113 81 118
66 32 67
87 49 86
135 95 132
117 77 114
97 55 93
103 61 97
103 59 95
135 94 128
111 72 103
113 79 106
106 78 101
11 0 10
24 12 24
23 16 24
50 46 63
45 36 79
32 20 70
42 27 66
90 74 100
80 62 74
52 43 44
49 40 41
44 38 40
54 51 58
40 38 49
54 53 69
77 75 97
68 67 98
53 49 86
55 49 93
75 69 117
72 65 117
63 54 111
74 63 119
90 73 128
74 56 108
96 78 126
131 114 156
94 80 115
85 72 100
83 70 90
76 62 75
85 70 77
86 70 71
37 35 40
34 31 38
58 55 66
54 51 68
39 36 57
57 53 78
61 55 83
61 55 83
51 45 73
44 38 64
56 48 72
60 52 73
54 47 65
53 44 61
52 41 55
50 38 48
56 43 52
55 39 40
48 32 33
51 35 36
58 42 43
74 65 66
37 31 33
35 26 29
36 25 29
81 69 73
86 71 78
61 44 54
56 36 48
41 20 37
65 43 64
68 45 71
67 47 75
48 29 61
41 24 58
81 64 100
99 82 118
74 50 86
69 43 78
88 61 96
92 65 100
89 59 95
90 58 95
70 36 71
144 110 143
115 82 113
93 60 87
125 96 118
107 83 97
53 32 41
52 31 38
97 80 96
27 16 50
37 29 68
51 41 75
85 75 100
72 61 78
33 23 24
60 54 58
56 50 60
50 46 61
48 46 68
47 44 75
64 62 101
62 59 106
63 58 112
82 76 136
81 75 139
78 67 125
91 73 113
70 49 80
60 51 82
57 52 82
66 63 90
45 41 64
57 53 70
90 82 93
95 80 85
28 21 29
22 14 25
57 51 63
46 42 56
43 41 55
62 60 74
60 59 73
48 47 61
39 38 52
53 53 63
45 45 53
41 40 46
52 51 56
41 39 42
59 43 44
39 24 27
43 31 35
57 45 49
49 37 41
50 38 42
57 45 49
67 52 55
73 57 58
62 56 58
37 35 38
38 32 36
30 21 24
68 57 61
72 60 64
48 33 38
34 17 25
47 29 41
55 38 54
45 30 49
51 37 60
47 37 64
39 30 61
59 52 85
76 66 100
63 48 81
61 41 76
76 56 91
87 65 101
77 53 89
84 58 95
73 46 81
121 91 125
109 80 110
87 57 83
108 79 101
126 97 115
114 86 100
89 61 73
69 42 49
71 49 62
47 34 62
40 35 67
45 39 67
64 56 80
92 83 102
111 103 116
97 88 93
16 6 7
59 48 54
41 31 42
52 45 63
52 46 72
70 63 97
63 56 98
64 56 105
92 83 138
100 90 151
101 88 141
134 114 142
106 83 103
119 100 120
88 74 97
46 38 62
52 48 73
49 47 71
54 52 74
43 40 59
85 77 90
53 43 54
28 18 29
54 46 57
35 29 39
33 31 42
71 71 81
61 61 69
37 40 47
49 52 57
40 44 45
48 44 45
44 42 43
45 43 44
46 37 38
45 35 36
46 34 38
45 34 42
62 50 62
47 36 52
39 30 49
41 36 58
36 32 57
44 41 68
59 52 83
56 42 75
59 39 74
64 44 79
86 64 100
75 51 87
80 54 91
81 54 89
97 67 101
99 70 101
85 54 85
97 67 93
105 73 96
113 82 100
120 89 104
89 59 71
52 28 44
31 18 44
40 34 62
55 46 73
61 53 74
116 107 124
88 80 91
68 59 64
70 53 63
69 52 70
83 65 89
67 51 80
62 45 81
88 71 113
102 85 130
110 89 130
102 78 94
78 57 74
42 25 43
31 18 36
52 40 60
50 41 60
60 52 67
21 11 22
85 72 81
67 57 66
39 29 38
58 50 61
29 23 33
29 26 35
72 71 79
51 51 59
24 24 32
31 32 37
51 52 54
42 33 34
30 24 28
70 63 70
64 58 68
35 33 46
29 28 44
27 28 46
37 39 60
65 63 87
53 42 72
62 45 79
49 32 66
85 65 100
82 60 96
76 52 88
79 53 88
86 59 94
89 62 95
88 59 90
99 69 97
93 61 85
102 70 91
128 95 114
108 75 92
69 42 61
28 14 37
63 55 79
74 66 87
66 57 76
101 93 106
90 83 91
103 76 93
74 49 71
78 52 79
84 57 88
93 67 94
98 71 86
55 29 40
67 43 56
63 41 53
42 22 34
63 46 56
73 57 67
57 40 48
41 25 28
49 42 49
49 42 49
67 62 69
32 29 36
34 31 38
53 52 58
38 37 43
31 30 36
26 25 30
50 48 49
52 50 53
55 54 59
30 33 40
22 26 35
18 24 36
34 42 55
81 84 103
56 47 74
67 52 83
40 25 56
81 66 97
91 74 108
70 50 85
67 45 81
88 64 98
95 68 103
92 62 96
99 68 99
89 56 83
96 62 87
127 92 116
122 87 109
98 69 91
60 51 70
71 62 79
69 58 72
67 57 68
95 85 93
114 76 89
107 71 83
73 43 51
40 13 18
68 41 46
69 42 47
34 8 11
61 35 36
25 18 25
51 44 51
64 59 65
33 31 36
40 37 44
35 32 39
35 33 38
39 37 42
52 47 51
25 30 34
18 25 31
30 37 45
83 87 98
59 51 72
67 54 80
39 26 54
76 63 93
88 73 104
64 47 81
58 38 73
90 68 104
102 78 112
88 61 96
91 62 93
86 53 84
95 60 90
126 90 118
129 90 117
115 83 107
28 11 29
59 48 62
63 53 64
62 52 61
36 26 34
64 55 60
40 31 32
23 17 19
43 39 40
47 42 46
27 22 26
40 35 39
35 30 34
41 36 40
21 15 19
56 47 50
60 61 66
57 50 66
57 48 69
42 32 56
69 56 82
68 55 83
58 43 74
54 39 72
85 65 100
94 72 108
82 56 91
87 60 95
84 53 87
93 58 91
121 84 118
126 86 120
117 83 110
67 49 63
44 33 41
39 28 36
36 25 33
40 29 35
56 45 49
42 33 34
36 30 32
26 20 22
36 30 34
51 45 49
38 29 32
20 10 11
34 30 31
55 47 58
49 40 57
46 37 56
61 52 73
47 37 62
54 41 69
54 41 71
75 60 93
79 59 94
76 54 90
92 66 103
87 57 93
87 53 90
112 74 111
120 80 117
116 81 111
98 78 90
39 27 31
40 28 32
30 19 23
59 48 52
41 30 34
33 24 27
42 33 34
32 23 24
35 26 27
67 58 59
26 16 17
51 41 49
53 42 56
49 41 56
49 40 57
49 40 61
70 60 84
49 39 66
51 38 68
89 74 107
68 48 83
94 70 106
73 43 81
91 56 96
92 55 96
105 67 108
100 67 98
103 81 94
89 74 79
21 6 11
34 22 26
75 63 67
44 33 37
30 21 24
35 26 31
62 56 60
58 53 57
39 37 40
27 25 28
65 65 67
50 50 52
42 42 44
52 26 27
63 44 46
75 56 58
94 75 77
39 27 29
46 36 44
46 36 45
36 28 41
56 49 65
71 63 84
43 35 58
33 23 50
98 85 115
70 55 88
87 65 103
68 42 81
83 52 93
87 52 94
102 65 108
99 68 100
113 91 104
89 73 76
36 21 24
66 51 56
90 78 82
41 28 35
24 13 21
36 26 34
91 81 90
54 47 55
24 19 26
37 35 40
85 83 88
62 60 63
55 53 56
68 63 67
82 69 76
66 49 57
52 31 36
81 56 59
76 59 65
40 23 29
44 27 33
85 69 72
99 80 84
64 44 46
27 15 17
58 47 53
54 44 52
57 49 60
48 42 56
39 31 52
37 29 53
101 92 119
70 56 89
75 58 94
66 44 83
78 51 92
82 51 93
97 64 107
101 70 104
100 81 87
51 34 40
97 80 88
93 80 90
64 50 63
47 35 47
94 82 94
51 41 52
31 21 32
59 51 62
81 74 82
43 38 45
64 59 66
85 78 86
54 46 59
73 62 76
64 50 63
54 38 49
64 43 52
103 78 84
104 75 77
41 22 24
53 34 36
72 56 57
81 65 66
77 58 60
79 60 62
89 69 70
67 56 60
59 52 59
42 36 46
51 47 62
51 46 66
88 83 106
60 51 80
62 48 83
72 54 92
79 56 98
81 54 97
95 66 110
104 77 112
104 84 93
68 51 61
104 87 97
115 98 114
77 63 80
122 108 125
60 47 64
27 14 31
50 38 52
60 50 61
36 26 35
78 68 77
83 75 86
64 60 75
72 68 85
61 54 70
54 43 59
57 41 54
65 45 56
99 78 85
45 16 18
82 55 60
54 45 48
53 48 54
44 41 52
33 30 47
65 62 83
46 40 66
52 41 73
86 70 107
86 65 106
83 58 100
95 68 113
112 86 123
107 86 105
92 72 84
79 58 73
90 69 86
102 81 100
108 89 109
118 99 121
105 87 109
94 76 98
73 56 75
63 49 66
46 32 47
35 21 34
83 70 80
76 65 79
61 58 77
57 55 77
56 51 73
75 66 85
90 77 95
56 39 55
32 12 24
65 43 55
107 86 95
89 70 76
64 54 55
69 65 66
46 42 43
55 46 49
35 24 28
34 24 25
60 48 50
81 66 69
79 63 64
92 73 75
89 64 68
76 49 56
102 75 84
74 47 56
67 62 66
56 53 62
67 65 79
49 46 65
39 35 60
47 38 69
95 84 118
84 68 105
76 55 96
92 69 113
122 98 134
106 84 105
87 66 81
68 47 64
64 43 62
70 48 69
84 62 85
100 77 103
101 81 108
113 93 120
114 94 119
119 100 120
77 58 77
65 47 63
84 66 80
56 44 58
63 60 81
51 51 75
41 37 60
60 52 73
100 88 108
75 61 78
38 20 36
69 48 63
56 36 48
14 0 7
12 0 8
30 19 27
16 9 16
44 42 47
81 80 86
45 44 50
37 35 40
34 29 35
50 43 50
48 41 48
40 33 41
49 39 48
48 36 46
43 30 40
59 43 54
75 57 69
82 62 74
95 73 85
89 61 73
106 76 84
53 52 58
74 74 86
46 45 63
42 40 62
44 40 67
100 90 124
75 61 97
63 45 85
87 66 109
130 108 146
115 93 116
98 77 96
65 43 64
42 20 43
58 35 61
90 67 95
97 74 103
88 63 93
89 64 94
96 73 101
134 112 135
121 100 119
107 86 101
47 33 50
43 40 61
45 45 69
42 38 61
60 52 75
110 98 120
96 81 100
54 37 55
88 70 84
76 58 72
42 24 36
15 2 12
19 9 18
24 18 28
56 55 63
82 85 94
44 47 56
34 33 41
34 31 40
70 69 77
57 55 66
21 19 32
35 31 46
45 41 56
36 29 47
85 76 93
98 85 103
75 61 78
81 63 79
118 90 104
110 80 88
53 51 54
46 46 54
49 51 64
46 47 67
44 42 66
99 92 123
64 52 88
52 36 75
84 63 104
136 114 152
92 69 98
110 88 111
84 62 85
29 10 30
37 18 37
84 67 86
96 78 100
85 66 88
62 42 67
73 53 80
115 91 117
113 87 112
100 79 98
49 40 61
51 46 68
46 36 60
52 40 62
94 81 101
77 62 81
42 25 43
93 74 93
77 60 76
73 56 72
41 29 43
30 19 35
32 26 40
52 50 63
75 77 90
53 55 68
48 46 59
25 23 36
73 71 85
86 83 100
51 48 69
53 49 72
48 44 71
25 19 47
66 57 86
104 91 119
70 54 81
71 51 78
114 88 113
119 91 114
128 96 119
8 6 7
67 65 66
41 40 45
45 48 57
49 52 67
66 64 86
63 57 85
54 43 77
45 27 65
95 73 112
113 86 127
108 82 119
83 58 90
93 71 94
41 25 38
15 4 10
76 67 68
85 79 81
57 50 57
46 35 51
71 57 80
101 82 112
74 50 82
120 91 122
137 103 127
108 76 97
131 107 129
108 89 109
46 27 47
61 42 62
62 43 63
62 43 63
73 56 75
69 52 71
83 68 89
118 105 125
74 61 81
37 25 47
52 44 65
80 75 95
55 50 72
52 47 67
46 41 61
39 34 54
94 89 112
65 59 87
37 30 63
57 49 86
37 26 68
54 41 85
74 58 103
86 67 113
73 50 94
90 63 106
104 73 114
98 64 101
120 84 120
136 102 127
122 92 102
91 65 66
40 38 39
32 32 34
43 43 45
53 51 52
40 38 39
42 43 48
49 51 63
74 73 91
75 70 93
63 52 84
53 36 72
96 74 113
100 75 115
104 77 118
83 57 92
116 94 117
54 38 49
48 45 54
52 43 62
78 63 92
60 39 72
97 70 101
128 95 124
115 80 104
102 69 90
88 65 85
72 50 71
52 30 51
65 46 68
81 63 85
57 42 65
76 62 85
122 108 133
92 80 104
45 35 60
41 33 57
84 76 100
75 67 91
58 50 74
59 51 75
59 51 75
91 82 111
58 48 82
43 32 72
76 65 108
61 47 96
53 39 90
66 47 102
86 66 119
78 54 104
81 53 101
101 70 114
107 71 115
116 79 120
126 93 124
112 86 99
91 66 69
42 38 39
37 35 38
38 36 39
35 33 36
28 26 29
49 45 46
43 38 42
53 50 59
82 78 93
82 74 97
63 50 80
54 38 74
97 79 119
94 71 113
99 72 113
87 61 96
134 112 135
72 56 67
55 52 61
37 30 48
67 54 80
58 39 69
75 50 80
89 60 88
93 61 84
104 72 95
125 100 122
121 97 121
110 88 111
60 38 61
53 33 58
68 50 74
51 33 59
82 66 92
117 103 129
100 87 113
64 51 79
50 40 67
93 84 113
89 80 109
63 54 83
63 52 82
82 71 101
92 82 116
55 45 80
47 36 78
86 74 120
83 71 119
57 43 94
66 49 101
87 69 119
86 64 111
78 52 99
113 84 128
136 105 146
118 86 123
117 87 115
114 90 103
102 80 82
33 31 32
30 28 31
34 32 35
42 40 41
55 46 51
81 73 86
74 65 84
51 38 66
47 33 68
100 85 124
100 82 124
95 70 112
97 71 108
124 104 129
82 66 79
24 15 16
48 45 52
34 27 43
77 68 89
69 55 80
63 43 70
65 41 65
84 59 80
114 86 108
97 73 97
103 80 106
120 97 123
92 72 97
49 31 57
48 30 56
45 29 56
89 74 103
108 93 122
92 79 109
81 68 98
79 68 100
107 98 129
90 80 114
67 57 91
55 44 76
93 82 116
96 86 121
64 53 93
54 43 86
82 70 116
90 78 126
61 49 99
62 48 97
70 54 101
61 42 87
46 25 66
98 73 112
141 115 150
120 93 126
121 95 120
101 79 91
91 71 73
37 35 36
34 32 33
25 23 24
45 43 44
74 61 70
69 56 74
51 38 64
44 33 67
93 81 119
99 84 125
91 68 110
107 81 118
97 77 104
84 70 85
38 27 33
60 58 59
25 23 28
29 26 37
89 82 98
78 66 86
56 43 63
52 35 54
76 58 74
114 93 112
79 56 82
76 53 81
99 76 104
119 99 127
92 73 103
70 51 81
44 27 59
79 64 97
107 92 125
94 80 115
90 76 111
98 86 122
118 106 142
89 79 116
72 62 99
56 44 82
94 79 118
90 78 118
71 60 103
69 57 103
79 70 117
81 72 119
54 42 90
81 69 115
90 77 121
89 74 115
69 53 90
99 80 112
125 105 133
100 77 105
99 77 98
73 56 66
62 46 49
65 51 64
71 59 83
55 46 77
79 71 108
80 69 109
88 67 108
110 86 122
80 60 88
90 75 94
51 39 49
10 1 6
65 61 62
63 61 62
10 8 11
25 22 29
87 81 93
71 65 79
51 43 58
42 31 45
60 48 60
99 85 102
77 57 82
80 60 88
80 60 88
102 83 113
116 97 127
116 99 131
53 38 71
64 48 84
111 95 132
104 90 126
89 74 113
89 77 115
117 105 145
97 86 126
82 69 112
74 59 102
91 76 119
79 66 110
69 57 103
81 72 119
89 80 127
72 63 110
42 33 78
76 67 110
97 86 126
100 88 124
73 60 90
68 54 80
82 67 90
76 59 78
71 54 70
112 96 106
46 24 26
55 39 49
93 81 101
71 65 93
68 64 97
61 53 92
82 64 104
105 83 121
84 65 95
101 86 107
60 48 62
8 0 6
54 48 52
64 60 61
23 21 24
29 27 30
73 70 77
60 57 64
57 51 61
41 35 45
44 39 46
85 74 88
78 62 88
84 65 95
68 49 79
72 53 83
99 80 112
131 114 148
79 63 99
74 58 95
102 87 126
96 81 122
82 67 110
74 61 104
111 98 142
109 96 140
92 79 123
90 74 119
98 82 129
84 71 117
66 52 101
83 71 119
95 86 133
67 60 104
44 37 79
72 66 104
92 85 119
78 72 100
47 39 63
42 33 54
85 74 91
121 109 123
105 92 102
89 76 85
95 83 87
74 59 62
49 33 34
56 36 37
44 25 31
104 91 108
84 79 102
63 62 93
53 47 83
77 61 98
98 78 115
98 79 111
110 94 120
65 50 69
9 0 9
40 30 38
63 57 59
49 45 46
40 36 37
65 63 64
56 54 57
66 64 67
45 43 48
37 35 40
78 72 84
75 61 84
74 58 87
60 44 73
69 53 82
86 69 101
121 106 139
111 96 129
104 88 124
97 83 119
87 72 111
75 60 101
78 63 106
68 55 99
107 94 138
115 102 148
98 85 131
96 80 127
107 91 138
98 84 133
64 52 100
73 64 109
93 84 129
67 60 102
57 51 89
57 51 85
80 76 103
67 62 85
45 41 58
49 43 57
96 88 99
69 58 66
49 38 44
45 34 38
53 41 43
77 61 62
44 22 25
72 59 69
76 69 87
68 66 90
59 56 87
58 44 80
118 101 137
111 94 128
118 102 131
87 72 95
37 24 41
24 12 22
54 45 50
50 41 42
15 14 19
64 61 70
79 67 87
76 60 87
76 60 87
52 37 66
79 64 93
111 96 127
89 74 107
104 90 125
91 76 117
61 46 89
51 36 79
55 42 86
89 76 120
96 83 129
59 46 92
77 61 110
113 97 146
100 87 133
65 52 98
72 61 104
87 79 120
74 68 106
57 51 85
64 60 87
81 77 100
66 61 81
51 45 59
103 95 106
94 84 92
56 45 51
33 22 26
79 70 73
71 56 63
68 60 73
56 53 72
40 36 61
50 39 73
104 88 125
108 92 128
120 103 135
93 77 104
40 25 46
22 8 21
76 63 70
72 71 77
83 74 91
60 46 69
60 46 69
57 43 68
79 65 91
92 77 106
69 56 86
92 78 111
132 118 153
106 91 130
83 68 109
61 46 89
55 42 85
88 75 119
93 80 124
52 39 85
81 65 112
105 89 136
91 78 122
58 47 89
59 51 90
83 75 112
83 78 110
69 65 92
37 33 56
56 52 69
71 67 81
73 67 77
94 88 92
69 60 61
72 56 59
61 50 58
51 45 57
37 32 52
51 42 73
86 74 110
96 82 118
113 97 133
104 87 119
58 40 66
24 5 24
92 75 83
60 59 64
82 74 87
55 44 61
56 45 62
64 52 72
84 72 94
83 71 95
55 42 68
74 61 91
112 101 133
95 84 118
90 78 114
81 69 107
70 58 98
84 71 114
93 80 123
74 61 105
84 68 113
92 77 120
83 71 111
59 47 85
53 43 78
78 71 102
90 84 110
74 69 91
28 24 41
78 72 84
81 74 82
46 37 42
78 68 69
37 35 36
56 54 55
52 43 46
54 48 60
58 49 76
78 68 103
83 71 107
101 85 122
112 95 131
85 64 95
33 11 32
89 68 77
60 58 61
54 47 55
49 41 52
46 38 49
54 43 57
88 77 93
91 79 99
62 50 72
78 66 90
106 96 123
78 67 97
85 74 106
107 96 130
91 79 115
67 55 93
78 66 106
101 89 129
79 64 105
76 64 102
82 70 106
70 60 94
56 47 76
72 66 92
83 78 100
61 54 70
44 38 50
87 80 88
66 57 62
33 23 24
55 45 46
31 27 28
38 36 37
36 34 35
59 50 55
53 48 71
80 73 107
86 76 113
93 78 117
110 89 128
101 77 111
49 25 49
82 58 71
49 45 46
44 39 43
52 45 52
32 25 32
28 21 29
68 60 71
65 57 72
42 33 50
75 66 85
109 99 123
75 65 90
82 72 99
114 103 135
97 83 118
53 39 74
61 47 83
104 90 126
69 57 93
66 55 89
85 74 106
87 78 107
66 58 82
69 61 82
69 62 78
38 32 42
81 74 81
71 62 65
75 63 65
73 63 64
46 42 43
50 48 49
28 26 27
37 32 54
82 76 112
96 85 125
97 82 123
98 77 120
100 76 112
70 44 69
88 60 74
42 38 39
33 28 32
54 47 54
32 24 35
17 9 22
61 53 68
93 84 103
70 61 82
72 62 87
92 82 109
84 71 101
56 42 75
65 51 86
99 85 120
67 56 88
60 49 79
79 70 97
89 81 104
69 61 82
63 56 72
58 52 62
33 26 33
83 74 77
75 65 66
65 55 56
69 65 66
55 53 56
60 56 57
74 70 71
40 38 41
25 20 40
76 72 107
89 81 122
102 87 130
95 74 117
103 77 116
95 66 94
95 64 79
43 38 44
26 19 27
42 34 47
78 69 86
63 54 73
56 46 70
64 54 79
69 56 84
63 50 80
72 59 89
93 80 110
71 61 88
58 50 74
67 59 82
74 66 87
60 53 69
56 50 62
59 52 60
49 43 47
62 52 53
47 38 39
67 63 64
51 49 50
25 18 34
68 63 93
77 67 101
100 88 124
98 81 117
107 86 119
109 85 109
90 66 80
89 78 86
68 56 66
50 38 52
53 40 57
62 47 66
59 44 65
64 49 72
81 67 90
77 68 89
58 51 69
55 48 64
58 52 66
51 43 54
52 45 52
67 58 61
30 26 27
34 29 33
55 51 52
59 54 58
11 6 10
39 35 36
65 61 62
63 59 60
60 50 61
39 30 47
45 36 55
95 86 107
117 105 127
102 90 110
94 81 98
74 62 74
58 45 52
89 68 73
74 53 60
46 23 33
62 42 53
73 63 72
77 74 81
51 46 52
51 45 49
33 24 25
33 29 30
37 35 36
51 51 53
67 65 68
66 62 63
16 12 13
14 12 15
73 71 74
87 87 89
63 63 65
38 36 37
50 38 42
39 27 37
30 20 29
69 59 70
92 84 95
68 60 71
54 46 57
54 47 55
98 91 98
107 81 84
54 34 36
86 77 80
40 36 37
41 37 38
63 61 62
85 85 87
41 37 38
78 76 77
36 34 35
73 57 60
45 30 35
48 35 42
56 45 51
66 55 63
98 88 96
40 34 36
43 27 28
45 33 35
73 62 66
86 77 80
82 73 74
42 40 41
69 60 61
64 55 56
48 44 45
64 62 65
69 67 72
45 43 48
69 65 66
28 26 29
44 43 49
68 67 75
54 52 63
59 57 62
53 34 36
57 35 38
103 78 81
42 40 45
49 48 56
60 58 71
49 47 61
56 54 65
39 19 21
60 39 44
94 73 80
111 85 94
73 46 55
88 61 70
68 43 47
79 77 80
59 56 65
60 58 71
57 55 69
47 44 63
77 73 87
57 55 56
36 14 17
67 44 52
115 91 104
121 97 111
123 96 113
118 89 107
113 82 100
114 83 101
80 53 68
46 29 35
83 80 87
82 79 90
69 65 80
43 38 58
38 33 56
81 77 94
56 54 59
56 46 47
39 30 31
49 40 41
84 75 76
72 63 64
85 76 77
65 56 57
29 2 7
62 36 45
118 92 105
132 104 126
112 82 106
121 89 113
119 87 111
125 91 116
122 94 117
82 65 81
53 43 54
83 73 82
66 56 65
45 33 43
63 52 60
47 36 42
40 29 33
41 30 34
43 33 34
60 50 51
100 95 99
76 73 82
94 90 104
85 78 96
37 29 52
44 35 62
79 71 92
64 59 66
43 41 42
43 41 42
71 67 68
63 57 59
40 31 34
49 39 40
55 46 47
86 55 60
108 78 88
124 96 110
112 83 103
130 100 128
117 84 115
122 89 120
106 71 104
101 64 98
114 83 115
99 79 106
71 57 80
106 92 115
93 79 102
69 56 76
79 66 84
60 49 66
55 44 60
39 28 42
50 40 51
67 57 68
51 41 50
49 39 48
73 63 71
55 45 53
21 10 14
78 76 77
83 80 87
40 34 46
93 86 104
117 107 131
54 41 67
64 51 81
83 70 96
63 57 69
47 45 50
51 49 54
58 57 62
54 53 58
39 38 43
53 53 55
75 73 74
57 53 54
54 50 51
49 47 48
51 49 50
113 81 94
113 82 100
105 75 99
132 102 130
127 93 126
109 75 110
108 72 110
99 63 101
92 54 95
96 64 103
112 90 126
88 71 105
110 93 127
102 85 117
78 62 91
78 63 92
77 63 89
90 78 102
50 38 60
62 50 70
78 69 88
60 51 68
54 45 62
74 66 81
59 51 66
28 20 31
52 42 50
66 57 62
61 52 57
45 39 41
51 47 48
43 41 42
20 18 21
68 66 71
67 64 73
16 10 24
87 78 97
74 59 88
70 55 86
74 59 88
56 48 63
38 33 40
46 45 51
54 54 62
60 65 71
30 38 41
42 50 53
64 72 74
53 51 52
68 29 30
117 84 101
116 82 106
112 79 108
123 89 122
124 90 127
109 74 114
106 69 112
109 70 115
98 59 104
81 45 91
109 82 127
93 70 114
95 74 115
94 73 114
73 52 91
57 39 77
75 58 94
108 93 126
60 45 76
62 49 77
79 69 94
68 58 82
55 47 70
62 54 75
51 43 64
39 32 48
53 47 59
61 55 65
58 52 62
37 34 41
30 29 34
48 47 52
53 52 57
38 37 42
64 63 69
61 58 69
37 30 46
80 71 92
121 108 134
91 76 107
76 59 93
74 58 87
58 47 64
40 34 46
42 40 51
48 51 60
75 82 90
27 38 44
29 43 46
67 81 82
79 80 82
72 73 75
123 89 103
119 86 105
111 79 103
125 92 123
112 78 115
110 75 115
102 66 110
98 62 106
109 72 116
100 63 107
74 41 86
87 59 107
81 58 104
78 57 100
88 67 110
70 52 92
46 28 66
74 58 94
119 104 137
81 66 97
73 60 90
92 79 109
91 78 108
74 60 93
69 55 88
62 48 81
63 53 80
65 57 78
58 54 69
48 44 58
25 23 34
16 15 23
44 43 49
64 63 68
50 49 54
43 42 48
53 50 59
69 63 75
72 63 80
92 80 102
106 94 118
93 78 107
91 77 103
66 54 74
57 48 65
46 42 56
42 42 54
83 90 100
31 42 48
29 43 46
80 94 94
61 57 58
79 77 78
126 95 110
105 73 94
117 84 113
95 61 96
133 98 138
115 83 124
99 66 109
72 39 82
107 76 117
98 67 108
90 63 104
65 42 86
50 29 72
89 71 111
70 54 90
58 44 77
55 42 70
66 53 79
99 86 112
76 63 91
86 71 102
121 106 139
89 71 109
85 64 107
87 65 112
55 31 81
109 90 135
89 78 110
64 56 79
60 52 73
52 48 63
30 27 38
48 45 52
69 67 72
37 35 38
30 28 29
61 59 62
74 72 77
65 60 67
62 56 66
77 71 83
97 91 105
113 104 123
80 68 92
67 55 79
45 36 57
49 45 62
55 55 67
44 47 54
51 56 59
74 55 57
37 28 29
94 74 75
65 52 59
89 78 84
115 89 102
104 75 97
124 94 122
109 75 110
122 90 129
101 69 110
94 63 104
73 45 85
99 73 112
93 67 106
93 68 107
64 43 84
45 27 65
77 61 97
66 53 83
70 60 85
64 54 78
55 46 67
70 61 82
61 52 73
82 69 95
118 103 134
100 82 120
99 76 122
91 67 117
58 31 86
94 70 120
96 82 118
71 62 91
75 67 91
73 65 86
45 39 53
49 43 53
62 57 63
37 32 36
29 25 26
59 57 58
71 69 70
59 57 60
50 48 53
52 49 56
84 81 90
89 76 102
65 50 79
59 46 72
57 49 70
49 45 59
50 49 57
58 59 63
66 70 71
57 53 54
52 46 50
65 54 60
66 51 54
42 22 23
82 67 70
68 58 66
81 71 79
71 56 59
80 57 63
96 70 83
104 75 97
138 108 134
118 87 119
113 82 116
96 64 103
99 68 109
84 56 96
94 67 108
88 61 102
88 66 105
79 58 97
50 33 69
58 43 76
47 32 61
70 58 82
68 59 78
49 42 58
51 44 60
36 29 45
80 71 90
120 108 132
113 98 129
101 84 120
82 61 102
65 42 86
91 70 113
95 79 116
75 61 94
89 76 104
92 80 104
65 53 73
59 51 66
62 54 65
43 36 44
36 29 36
67 61 65
71 65 69
58 53 59
49 44 50
41 36 43
78 72 82
104 90 115
64 49 78
78 65 91
67 58 79
41 34 52
55 53 66
65 65 75
67 67 75
36 37 41
75 76 80
80 80 82
63 61 64
53 49 50
62 56 58
66 57 60
33 21 23
72 61 65
60 49 53
64 48 49
64 45 49
72 51 60
79 55 69
85 58 77
118 88 112
130 100 128
117 88 119
105 75 111
96 68 106
78 52 91
81 56 96
90 65 105
95 73 112
83 63 100
55 38 72
53 38 69
38 25 51
64 55 76
63 56 72
45 39 53
37 34 45
40 37 48
77 71 85
94 85 102
100 88 110
103 89 115
91 76 107
86 69 103
91 74 110
87 71 107
73 57 93
90 75 108
89 74 103
74 60 85
81 69 89
75 64 80
52 41 55
52 42 53
75 68 76
65 58 66
52 45 53
59 52 60
53 47 57
77 71 83
113 99 124
69 53 80
100 86 111
80 68 92
36 28 51
63 58 78
74 71 88
68 67 81
30 30 42
59 59 69
72 71 79
64 63 68
47 45 48
58 54 55
75 58 66
104 84 95
88 64 78
48 24 40
53 26 45
96 68 90
127 99 124
124 95 125
121 91 125
91 64 99
66 40 79
72 47 87
98 75 117
102 81 122
66 48 86
56 39 73
66 51 82
55 42 68
67 58 77
57 51 65
40 37 48
25 22 31
67 64 71
69 66 73
51 48 57
63 57 71
94 85 102
109 100 121
109 97 121
90 75 104
87 69 107
79 61 101
94 76 114
79 62 96
74 57 89
98 82 109
83 68 91
50 37 55
64 51 68
81 69 83
57 45 59
40 30 41
66 56 67
73 62 76
73 62 76
100 89 105
113 98 121
80 64 90
118 102 129
92 78 104
42 32 59
72 63 90
82 76 102
71 67 90
41 38 59
45 42 61
53 51 64
55 54 62
39 37 42
56 54 55
58 42 43
84 61 69
100 81 100
105 84 103
116 95 112
116 93 111
71 46 65
51 26 45
60 32 54
89 61 84
102 76 101
130 104 133
101 75 110
78 53 92
75 53 92
100 79 120
84 66 106
64 46 84
59 43 79
77 64 94
63 53 78
57 49 70
46 42 57
49 47 58
30 29 35
60 59 65
63 62 67
50 49 55
46 43 50
61 58 67
87 81 93
103 97 111
100 88 110
89 72 108
94 71 113
112 89 131
85 63 102
79 57 93
104 85 117
80 61 89
46 30 56
73 58 81
84 71 89
55 42 59
33 20 37
59 48 62
76 65 79
62 51 65
59 46 63
102 87 108
100 82 106
129 113 139
101 85 114
59 45 78
79 68 102
89 79 113
76 69 102
63 56 87
44 40 65
42 39 58
48 46 59
37 34 41
64 62 63
49 40 43
83 74 77
70 61 64
36 26 27
76 64 66
86 64 77
107 87 114
94 71 97
80 58 81
126 103 123
84 59 78
63 38 57
54 29 48
48 23 44
67 41 66
115 90 119
100 76 108
89 67 103
83 62 101
102 84 124
73 55 97
71 53 93
64 46 84
84 68 104
68 57 87
48 40 64
43 39 56
64 62 75
38 38 48
39 40 45
54 55 60
63 64 68
42 41 46
32 31 37
54 51 58
74 71 80
88 79 98
81 61 96
99 74 116
134 109 151
108 83 123
92 67 107
106 84 122
79 58 91
61 42 72
91 72 100
100 84 110
76 61 84
46 31 50
53 40 57
68 56 70
61 49 63
52 38 53
90 73 92
118 99 121
135 117 143
106 90 119
77 61 97
86 71 110
93 80 123
83 72 114
72 62 99
42 35 68
46 41 64
64 60 77
45 44 52
61 61 63
51 49 52
42 39 46
77 72 78
79 74 80
54 48 52
57 48 53
62 53 56
69 58 62
63 40 56
111 92 122
109 89 117
80 57 83
85 62 82
64 41 61
53 28 47
42 17 38
46 22 44
88 65 91
74 54 82
78 59 91
80 63 99
111 95 132
84 68 107
65 48 90
58 42 81
90 76 112
83 72 106
57 48 75
49 46 67
68 67 83
30 30 42
41 44 51
40 43 48
50 51 56
31 32 36
31 30 35
57 56 61
54 52 57
52 41 57
66 45 76
95 68 109
129 102 143
106 79 120
109 84 123
84 59 98
83 61 97
108 89 119
120 101 129
102 86 112
66 51 72
52 39 57
61 49 63
66 54 66
66 54 66
80 63 81
129 111 133
136 118 144
108 92 121
90 73 109
90 73 115
96 80 125
86 73 117
67 54 97
34 24 61
55 46 77
88 83 105
57 55 68
50 49 54
44 43 49
41 39 50
55 54 62
44 41 50
46 43 50
68 63 70
51 44 51
33 23 31
53 44 49
68 45 63
110 91 121
107 87 115
91 68 96
106 84 107
108 84 106
81 58 78
57 34 54
51 27 49
49 27 48
87 67 92
67 49 75
34 19 48
32 19 49
102 88 121
81 67 103
62 47 88
50 35 78
70 55 96
75 63 99
66 57 88
61 55 81
50 47 66
49 48 62
43 43 53
31 31 39
68 67 73
37 36 41
37 35 40
60 58 61
56 51 55
39 29 40
55 32 60
49 19 55
85 55 93
89 61 99
113 85 125
115 89 128
105 80 119
104 82 118
98 78 113
127 108 138
130 114 141
92 77 100
58 45 63
58 46 60
48 38 49
22 10 22
75 61 76
108 93 112
128 113 136
115 99 128
75 58 94
104 87 129
108 91 136
76 60 107
59 43 88
29 16 59
58 48 83
100 91 118
66 62 79
58 55 66
47 46 51
48 47 52
52 52 62
56 54 68
43 41 54
53 51 64
40 38 49
62 59 70
67 61 71
38 30 41
65 55 64
72 62 70
57 46 52
47 34 41
72 60 64
102 87 92
106 89 95
101 84 90
64 49 54
40 25 30
59 44 47
67 58 59
73 50 66
110 91 119
109 89 117
88 68 95
99 76 102
102 80 103
88 64 86
78 56 77
59 37 60
46 27 49
64 46 70
59 43 69
52 39 65
35 25 52
81 71 98
77 66 98
62 50 88
55 42 85
68 56 96
64 54 89
59 52 83
70 66 91
58 55 76
44 43 59
37 37 49
26 25 33
59 58 64
40 38 43
47 42 46
53 49 50
38 32 34
32 21 29
66 43 63
64 35 63
93 64 94
86 56 90
87 60 95
98 72 109
124 100 136
123 101 139
68 48 83
121 102 134
133 117 144
88 74 97
67 54 72
88 77 91
78 68 77
32 22 31
73 61 73
70 57 74
98 85 105
121 107 133
88 71 105
111 93 133
114 97 141
77 60 105
72 55 100
46 31 74
62 50 86
84 75 106
63 55 78
59 55 70
41 38 49
55 53 64
75 73 87
50 47 66
34 31 48
67 64 81
58 56 70
63 59 74
65 59 73
47 41 55
53 45 58
66 54 68
57 43 56
56 40 51
81 65 76
99 81 93
96 76 88
93 73 84
74 57 67
66 51 58
79 70 71
66 44 56
98 80 104
99 79 104
78 58 83
90 67 93
100 77 103
84 61 87
73 50 76
71 48 74
58 38 63
48 32 58
48 34 59
59 49 73
41 33 56
55 50 72
53 48 71
68 57 91
61 49 87
65 53 89
51 41 75
54 48 76
79 75 98
67 64 83
40 38 52
35 33 44
35 32 39
66 61 67
50 44 46
52 43 44
35 26 27
54 38 41
97 73 86
111 82 100
136 108 130
120 92 117
87 61 90
72 47 79
101 77 113
87 63 99
65 43 79
121 102 134
134 118 145
97 83 106
92 81 97
77 70 78
84 77 85
59 51 64
70 59 76
115 103 125
114 99 128
131 116 149
123 105 143
99 81 123
81 63 105
69 52 94
72 56 95
65 51 86
61 48 78
72 62 87
38 29 50
67 60 78
98 90 113
43 38 60
25 20 42
83 78 100
75 70 90
59 54 74
59 51 72
58 49 70
57 45 65
59 46 66
55 40 59
61 44 63
80 61 81
92 71 90
91 68 88
90 67 85
68 48 60
79 62 72
54 42 46
54 44 45
79 70 71
55 34 39
90 73 89
111 92 111
91 72 92
88 66 89
89 66 92
74 51 79
71 51 79
73 53 81
70 51 79
50 36 61
46 34 58
51 43 64
41 37 54
42 40 54
25 22 39
72 63 90
58 49 78
57 48 77
42 36 62
49 46 67
77 74 93
66 64 78
42 39 50
37 34 41
28 23 27
122 98 114
118 94 116
93 68 97
103 79 111
69 48 81
59 40 72
88 71 103
92 78 104
76 64 84
85 77 92
109 103 113
113 108 114
99 97 102
105 102 109
91 88 97
62 56 68
84 75 92
116 104 126
135 121 147
107 90 122
99 82 118
78 57 96
91 73 111
85 67 105
52 36 73
64 48 84
92 78 111
46 33 63
71 58 86
97 87 114
44 34 59
27 17 42
87 79 103
76 68 92
50 42 66
49 41 65
62 52 77
76 63 89
56 42 67
59 43 69
71 51 78
71 48 76
86 61 90
103 77 106
96 70 95
68 45 63
89 69 81
59 46 53
32 21 25
81 72 73
67 58 59
74 62 64
86 71 78
116 98 110
113 95 111
97 78 100
78 58 85
66 45 76
94 73 106
68 48 83
59 42 74
50 35 64
58 48 72
41 37 52
38 36 47
41 41 49
21 21 29
68 64 79
46 42 59
47 43 60
43 39 54
45 43 56
61 59 70
56 53 60
47 45 50
48 44 45
84 59 62
98 75 83
118 95 111
82 60 81
84 64 91
79 60 90
84 68 97
91 76 105
77 65 89
60 51 70
64 58 72
62 59 66
53 51 54
50 50 52
62 63 67
76 77 82
48 47 55
53 47 59
92 83 100
122 106 132
111 92 120
74 53 86
111 89 125
99 77 115
57 36 75
76 55 96
112 94 136
61 43 85
68 52 89
82 67 100
56 41 72
40 27 57
82 69 97
66 56 83
43 33 60
44 33 63
61 50 80
90 77 107
55 40 73
74 57 91
92 71 104
71 45 80
89 62 97
120 90 128
96 66 100
88 64 86
117 96 113
60 47 54
16 5 9
66 57 58
70 61 62
73 60 67
65 56 57
67 50 56
92 74 86
108 89 109
92 72 99
63 42 75
85 65 102
63 46 82
39 23 59
38 25 53
76 66 90
44 40 54
34 35 40
40 44 45
55 54 60
34 31 40
44 41 48
46 43 50
37 36 41
37 37 39
39 37 38
84 64 65
109 88 97
78 57 74
76 58 80
93 77 104
81 67 93
94 81 107
76 67 88
59 52 68
69 66 77
68 67 73
49 49 51
29 33 36
58 61 66
64 65 70
60 57 66
67 59 72
115 96 118
87 64 92
126 102 134
107 82 121
75 52 94
88 65 111
116 94 141
77 55 104
65 43 90
72 52 89
80 63 95
60 43 75
74 59 90
65 52 82
53 42 74
48 37 69
62 51 85
89 75 110
60 44 81
91 73 111
111 89 128
80 53 94
100 69 111
126 93 138
88 56 95
94 68 95
71 55 65
35 24 30
62 53 54
63 53 54
73 58 65
71 58 65
48 42 46
68 64 65
64 48 58
94 75 95
104 84 112
69 47 83
68 45 87
72 51 92
43 27 64
36 23 53
81 73 96
48 44 58
38 39 43
87 67 79
64 47 66
77 62 85
77 63 89
89 76 102
64 56 77
43 39 54
61 58 69
64 63 68
54 62 64
77 81 84
69 68 74
47 42 49
102 92 101
117 95 118
137 112 142
108 82 119
100 75 117
97 71 119
104 80 132
84 59 116
63 39 91
79 56 98
112 90 126
78 58 93
73 56 90
80 65 98
80 66 101
63 49 84
70 56 92
86 70 109
73 55 95
100 79 122
109 83 128
83 55 103
104 72 121
123 89 140
88 55 100
82 53 83
133 108 129
84 68 79
69 58 66
39 30 31
47 37 38
84 69 74
34 17 25
63 50 59
50 47 54
49 48 53
76 57 59
70 50 62
95 76 96
82 62 89
82 63 95
80 63 97
63 48 79
45 31 57
80 68 88
49 42 50
110 90 99
99 81 93
84 67 83
82 70 84
50 40 51
30 25 32
51 49 54
54 52 53
86 90 91
58 59 63
22 19 26
51 43 54
87 75 87
122 108 123
104 81 109
116 92 124
101 76 116
91 65 112
86 59 112
65 38 89
91 69 108
132 110 146
88 68 103
77 57 92
98 81 117
104 87 123
77 59 97
78 60 98
90 69 108
89 66 108
102 77 119
96 67 111
82 51 95
103 70 115
122 84 131
98 61 104
79 46 77
131 101 125
92 74 88
86 73 82
57 42 45
47 32 35
63 48 53
48 39 42
84 69 76
75 61 74
100 86 103
86 71 90
72 58 75
50 32 44
31 12 18
66 65 70
40 38 51
53 49 66
41 34 52
64 56 71
120 98 119
141 116 145
124 96 134
77 51 90
111 89 125
126 107 139
99 79 114
69 49 84
128 106 144
137 115 153
100 75 114
63 37 76
129 101 141
138 108 146
116 84 121
104 68 106
119 81 118
131 91 126
128 88 122
121 81 115
120 83 116
93 72 89
100 84 95
54 45 46
68 56 58
84 73 81
97 84 94
83 67 77
60 41 47
84 59 62
56 55 60
58 56 70
50 47 66
39 34 54
36 32 47
85 80 87
111 91 102
140 114 143
114 89 121
121 102 132
129 112 144
110 91 123
85 65 100
132 110 146
138 113 152
112 86 125
88 58 96
141 109 146
138 103 136
121 84 117
134 95 126
144 103 137
144 107 141
107 84 102
94 78 89
91 80 86
42 33 34
68 55 62
86 71 78
69 52 58
61 41 43
52 51 56
72 70 84
42 39 58
35 32 51
19 15 29
61 56 63
76 70 72
96 79 89
127 102 132
135 116 144
136 120 149
132 113 143
120 99 132
138 110 148
128 98 136
142 110 147
131 94 127
134 95 126
137 95 131
133 93 128
95 77 91
54 41 48
39 30 31
72 60 62
66 51 54
64 45 47
57 56 61
71 69 82
40 37 54
33 30 47
28 26 39
68 65 72
67 63 64
52 43 44
51 39 41
69 53 63
124 103 118
123 99 121
117 94 120
120 102 128
117 101 128
137 118 146
144 112 149
143 106 139
126 84 120
126 84 120
99 81 95
48 35 42
71 61 62
51 49 50
64 62 67
65 63 76
52 50 64
37 35 49
47 45 58
73 70 77
34 29 33
39 30 33
76 60 71
35 16 35
104 85 107
78 60 84
72 56 82
116 98 124
135 116 144
133 112 143
117 93 127
137 111 146
139 112 147
135 105 141
125 93 130
137 93 129
133 105 127
111 90 105
71 55 65
98 87 91
46 35 39
48 37 45
69 56 66
87 74 83
69 53 63
65 48 56
84 67 73
76 57 61
60 45 50
62 53 58
41 34 41
29 23 27
46 37 40
60 50 51
55 53 54
28 28 30
64 62 65
65 62 71
62 60 73
49 47 60
60 58 69
41 38 45
38 33 39
43 37 39
79 70 73
76 60 73
112 95 113
54 39 58
43 28 49
99 81 105
124 106 132
106 87 115
92 71 102
125 101 133
123 97 132
107 80 115
98 68 104
138 107 141
140 105 137
131 96 128
143 98 137
136 108 130
85 69 79
74 62 66
48 37 41
32 20 30
36 24 38
83 70 88
99 86 106
100 87 107
65 52 72
63 48 67
86 72 89
69 55 70
45 33 47
40 36 50
35 33 46
26 23 34
49 44 51
71 64 71
35 29 31
21 12 13
67 62 66
32 30 35
27 26 31
89 87 90
68 64 65
64 61 68
50 47 56
61 59 70
69 68 76
48 45 52
47 45 50
58 53 59
64 58 62
89 78 86
97 84 94
104 90 103
58 44 59
37 23 40
89 74 93
110 92 114
81 63 87
73 53 80
117 93 125
112 87 119
94 68 103
91 64 99
128 98 134
136 105 139
134 103 137
129 95 128
119 85 118
134 89 128
90 73 83
37 25 29
47 37 38
48 44 45
44 38 40
28 19 20
30 21 26
38 28 39
37 26 43
56 44 66
126 113 139
110 97 125
83 70 98
50 37 65
61 47 73
84 70 95
58 44 67
30 21 42
40 38 59
46 47 65
26 25 41
39 37 50
66 63 72
23 18 24
16 10 12
46 40 42
59 54 58
43 40 47
53 52 58
105 103 108
65 60 64
27 25 30
69 66 73
77 74 81
30 27 34
25 22 29
58 53 60
66 59 67
57 47 56
102 90 100
115 103 113
61 47 60
32 18 31
79 65 80
90 75 94
55 37 59
52 34 58
103 83 111
95 71 103
80 56 90
82 56 91
109 82 117
103 73 109
101 71 107
100 68 105
90 58 95
140 104 142
125 80 119
175 140 170
129 106 124
96 79 89
32 20 24
50 40 41
27 25 28
32 29 36
44 39 46
43 37 41
38 29 32
48 38 46
28 18 29
60 49 66
98 84 107
103 88 117
115 100 131
106 91 124
89 75 110
73 59 94
69 55 88
74 60 93
59 46 76
28 19 48
52 52 78
56 58 81
35 36 56
37 36 52
33 31 42
32 29 36
21 16 20
27 21 25
40 35 41
66 61 68
55 52 63
110 105 112
42 37 41
104 99 105
42 36 46
36 30 42
65 59 71
75 67 80
59 49 60
72 60 70
94 82 92
62 48 61
74 60 75
67 50 69
50 32 54
79 59 86
105 81 113
78 54 88
73 47 82
72 46 83
107 79 117
99 71 109
108 78 116
89 59 97
133 98 138
130 85 126
143 103 140
135 105 131
119 96 116
79 61 73
56 43 50
75 64 68
34 34 36
22 21 29
23 19 33
39 33 47
46 38 49
49 38 42
45 16 18
29 14 19
49 42 50
38 28 39
32 21 35
38 25 42
101 88 108
114 100 123
66 50 77
112 96 125
100 85 116
84 69 102
63 48 81
55 41 76
64 50 85
59 48 82
37 27 61
48 48 76
62 64 89
50 51 72
46 45 61
47 45 58
41 38 45
56 50 54
49 43 47
43 38 44
67 61 71
65 62 73
98 91 99
88 81 88
42 34 45
45 39 53
84 77 93
79 70 87
76 65 81
81 71 82
81 69 79
82 69 78
68 55 65
86 72 87
56 39 58
61 43 67
122 102 130
81 60 91
66 42 78
77 52 91
122 96 135
98 72 111
78 52 91
70 44 83
137 105 146
143 102 144
132 90 130
136 108 133
121 100 119
81 65 76
55 44 50
69 60 63
41 42 47
26 24 38
23 18 40
39 31 54
53 44 61
53 42 50
104 73 78
40 12 24
42 25 41
39 28 45
28 15 33
65 52 70
85 71 88
105 88 106
93 76 95
67 50 69
91 73 95
78 60 84
69 51 77
62 46 75
66 51 82
83 68 101
76 62 97
41 31 65
40 35 65
62 60 84
66 63 84
67 63 80
77 71 83
53 46 53
87 78 81
57 48 49
59 50 53
50 43 51
67 59 72
67 61 75
95 85 94
75 66 71
46 35 49
44 33 50
92 80 102
74 62 84
68 56 76
87 74 91
62 48 61
89 76 85
99 86 95
110 96 109
59 42 60
51 33 55
126 108 134
81 62 92
60 38 74
79 57 95
121 96 136
91 66 106
63 36 77
62 35 76
125 94 136
126 87 131
134 92 132
120 101 120
79 65 78
57 47 55
65 59 61
45 49 50
55 55 67
41 38 59
29 23 51
37 28 57
49 39 63
40 28 42
77 47 59
51 24 43
56 38 62
39 25 50
18 5 25
80 65 84
116 99 115
95 77 89
61 41 52
64 44 53
93 73 82
65 45 56
49 31 45
51 34 52
65 50 73
91 77 103
83 68 97
40 27 57
52 46 72
53 48 71
47 39 60
53 45 60
81 71 80
56 47 52
52 43 46
57 47 56
60 52 65
56 48 63
95 83 93
73 62 66
66 54 68
49 37 59
83 70 96
65 51 77
49 35 60
92 79 97
97 83 98
82 69 76
78 64 79
68 53 72
105 87 113
72 53 83
60 40 75
79 59 96
95 73 112
78 55 97
68 45 87
67 44 86
99 70 114
114 77 120
127 89 130
111 94 112
74 62 74
60 53 60
62 58 59
56 59 64
61 60 76
46 42 69
29 22 56
30 20 57
46 35 65
35 22 42
81 69 73
119 96 106
66 38 60
58 32 61
67 46 77
89 70 98
44 26 50
46 28 44
85 65 74
61 44 54
65 48 64
85 67 89
72 58 81
63 51 75
45 35 59
33 22 39
60 48 62
99 86 95
75 63 65
63 51 55
57 45 55
56 45 59
52 43 60
75 61 74
87 72 75
86 72 87
80 64 90
75 58 90
61 44 76
56 40 67
97 82 105
95 82 91
115 100 119
89 74 97
63 47 76
64 44 79
82 61 100
74 53 94
71 50 93
73 50 94
76 53 97
93 66 111
110 74 118
118 81 122
92 77 96
67 57 68
65 60 66
46 44 47
48 51 58
44 42 63
36 31 63
27 19 60
35 22 65
67 53 89
63 49 74
50 37 46
127 104 120
69 44 74
53 29 65
71 49 85
98 77 108
66 47 69
82 62 74
107 89 101
60 43 61
78 63 84
65 52 72
51 37 52
91 75 86
87 72 75
52 39 48
55 43 57
64 53 70
47 31 42
87 70 88
98 82 109
61 44 78
58 41 77
81 64 96
88 72 98
104 87 105
98 82 92
112 97 120
73 57 86
75 58 92
90 69 108
71 50 91
80 59 102
69 48 91
78 56 102
111 85 130
107 74 117
110 75 115
134 114 139
73 60 78
61 53 64
62 60 65
30 30 32
41 41 51
30 26 49
34 28 62
33 24 69
39 26 72
79 64 103
78 64 90
22 9 19
131 109 130
69 45 81
46 21 61
48 26 64
59 38 69
76 54 75
80 63 73
98 81 99
93 76 95
63 45 59
86 66 75
87 67 69
48 35 44
57 45 57
72 61 78
41 25 36
97 78 97
90 71 101
63 43 80
80 59 98
113 93 128
90 71 99
81 62 82
112 96 106
102 86 115
99 82 116
98 80 118
68 50 90
96 78 120
79 60 105
82 63 109
120 97 143
105 74 116
106 74 113
139 116 145
117 99 123
60 49 66
62 56 66
54 53 58
29 30 32
34 32 35
29 27 38
50 47 66
35 30 60
45 37 74
40 31 74
33 22 65
62 50 86
59 46 72
39 29 40
39 29 30
112 95 113
73 54 82
73 54 86
65 46 74
73 54 74
109 89 101
59 42 52
71 52 71
87 68 88
59 41 55
77 57 66
66 46 47
47 34 43
60 47 64
72 60 82
53 39 54
80 58 79
80 60 88
117 96 129
138 117 150
109 89 117
93 70 96
63 54 55
93 83 91
128 115 135
122 106 132
103 87 116
61 44 76
112 92 127
102 82 119
95 73 112
118 93 133
103 72 113
105 75 111
130 110 137
102 89 109
52 44 57
63 60 67
48 48 50
37 35 36
38 33 37
59 53 65
53 44 73
46 36 73
58 47 87
43 35 74
29 21 58
36 29 62
29 23 49
21 17 34
35 32 41
40 35 39
11 2 3
50 39 43
86 73 80
82 69 79
68 52 63
56 41 48
69 54 59
98 78 80
83 62 69
58 38 47
50 32 44
66 49 67
63 45 71
83 65 91
85 66 85
92 72 83
54 42 54
58 49 70
57 48 77
62 52 77
82 65 75
107 85 98
123 98 128
86 59 90
106 95 103
46 37 38
101 84 102
107 88 108
96 72 94
119 93 118
124 98 127
132 103 134
118 93 123
102 89 109
64 56 69
96 91 98
59 54 58
55 53 56
15 10 14
37 32 36
48 44 45
22 18 19
21 16 20
50 45 51
56 49 56
61 52 69
57 45 83
50 37 81
44 33 75
38 28 65
57 50 81
62 58 83
29 26 45
14 12 25
46 45 53
45 43 48
51 47 48
85 62 72
85 63 75
81 59 72
73 52 67
75 54 69
92 74 90
114 97 113
125 110 129
119 104 133
122 106 135
110 93 112
106 89 99
67 55 69
55 45 69
54 47 80
66 55 85
69 55 70
128 104 130
85 58 89
70 64 68
58 52 54
116 96 107
103 79 93
121 94 111
132 104 126
133 107 134
132 109 137
127 112 133
71 60 76
86 80 90
38 42 43
51 50 55
24 22 27
56 54 59
63 61 64
51 47 48
38 32 36
21 14 21
30 20 29
67 57 68
78 66 78
65 52 72
57 43 79
57 42 85
41 29 69
36 26 61
78 69 98
79 74 96
29 25 42
16 13 24
59 56 63
63 58 64
111 90 97
76 55 62
83 62 71
86 64 76
100 78 91
120 100 112
117 99 113
110 93 109
119 106 126
100 87 113
92 79 105
87 72 91
82 66 76
73 57 58
78 64 79
61 49 73
63 52 84
64 51 81
60 43 61
111 88 96
135 116 138
82 59 87
81 71 79
63 56 63
58 52 56
60 56 57
189 172 182
123 99 113
122 95 112
113 98 117
55 47 60
108 105 112
90 94 95
67 66 71
49 47 52
72 70 75
61 59 62
42 38 39
80 70 71
41 31 39
38 28 39
38 26 40
45 31 46
80 63 81
86 69 87
71 53 77
55 39 75
62 47 86
56 42 77
43 32 64
68 58 83
66 58 79
28 22 36
26 20 30
56 51 57
95 89 93
31 15 16
30 14 15
90 73 79
91 71 80
94 74 83
113 91 103
109 89 101
107 86 101
117 99 113
103 86 102
77 63 80
97 86 102
108 100 115
74 65 84
45 37 61
47 37 62
62 51 68
57 44 53
71 52 54
83 66 82
73 59 84
74 60 93
55 40 71
62 43 63
94 71 81
79 61 83
70 60 69
79 72 80
66 59 66
42 37 41
57 53 54
55 49 51
80 69 73
209 192 200
199 179 190
121 102 122
94 81 98
61 53 64
114 112 117
43 41 42
54 58 59
72 76 77
80 80 82
72 70 73
75 73 76
48 46 47
72 59 66
30 18 28
39 27 41
64 49 68
63 45 67
64 45 67
83 60 86
82 58 84
79 56 84
65 45 80
63 47 83
69 54 85
52 39 65
46 34 56
45 36 53
29 21 34
27 20 28
50 44 48
62 45 55
48 31 41
60 40 52
66 46 58
93 72 87
76 58 72
50 33 49
51 37 52
42 29 46
19 8 24
45 36 53
74 67 83
50 45 65
32 27 50
43 35 58
61 53 68
42 31 37
86 66 68
90 69 84
79 59 84
74 55 87
57 38 70
76 54 77
87 60 75
100 87 104
72 59 77
76 64 78
93 82 96
69 59 70
33 26 33
62 56 60
73 67 71
75 69 71
56 47 50
29 18 22
48 35 42
127 106 125
81 64 82
73 61 75
56 51 58
105 105 107
75 73 74
48 52 53
57 61 62
75 76 78
74 72 73
44 42 43
96 77 79
61 46 53
44 31 41
19 5 22
54 39 60
88 70 94
82 59 87
77 52 82
82 53 84
77 46 78
89 62 93
76 55 86
61 45 74
73 59 84
59 45 68
35 24 41
41 30 44
34 27 35
22 16 20
57 48 49
114 98 108
73 57 67
37 21 32
54 36 48
47 29 43
45 24 39
109 91 107
104 87 103
72 58 75
73 60 77
70 59 76
40 33 49
46 42 57
60 57 74
36 35 53
36 34 55
48 45 64
55 49 61
37 28 33
96 73 89
75 52 78
60 39 72
65 44 77
92 69 95
89 64 83
109 78 86
94 84 92
59 51 62
62 54 69
126 115 131
107 94 111
95 84 100
59 48 62
42 35 43
69 62 69
72 65 72
73 67 71
59 50 55
58 47 53
71 58 65
103 87 97
184 161 177
73 52 69
48 31 47
62 52 61
50 45 49
60 58 59
29 30 32
64 68 69
72 55 61
32 16 27
50 36 53
54 39 62
72 54 80
94 71 100
86 61 93
81 51 85
81 47 82
79 43 79
102 68 103
73 50 78
62 44 68
81 66 87
70 56 73
43 31 45
47 35 45
42 33 38
28 19 20
77 64 74
27 11 22
33 17 30
91 73 87
81 63 79
50 32 48
94 75 94
90 73 91
61 46 65
59 48 65
57 48 67
37 33 50
46 43 60
58 57 75
39 38 56
41 39 60
53 52 70
47 44 55
63 57 61
95 68 83
75 49 74
52 27 59
69 45 77
104 81 109
99 74 96
103 71 84
71 66 70
40 37 44
54 51 60
116 110 124
131 116 137
99 86 104
57 46 62
50 42 55
69 61 72
70 63 71
62 55 62
59 49 57
71 60 68
94 81 90
81 65 75
89 71 83
122 99 117
78 57 74
51 35 48
64 54 62
57 52 56
78 68 69
30 26 27
20 20 22
76 77 79
71 52 54
69 52 60
93 77 90
83 68 87
96 78 104
82 61 92
87 63 97
83 56 91
79 47 84
80 44 82
84 46 85
108 73 106
62 38 62
63 46 64
91 77 92
81 67 80
52 40 50
50 39 45
45 36 37
43 29 42
8 0 7
48 31 47
111 94 110
120 102 118
90 71 90
99 82 100
85 70 89
66 53 71
66 54 74
62 55 73
48 44 61
56 53 70
61 60 78
37 38 56
33 34 52
50 49 65
40 39 47
86 58 73
82 54 77
52 25 56
65 40 72
108 85 114
107 83 105
102 71 86
117 82 86
66 64 65
41 42 46
50 51 56
104 101 112
128 116 136
132 117 140
104 91 111
67 54 72
49 38 54
63 55 68
76 68 79
54 47 55
57 47 56
54 44 53
93 81 91
84 71 81
88 70 84
86 65 82
112 91 108
87 66 83
77 61 72
67 57 65
66 62 63
34 32 35
95 75 77
93 76 86
102 85 101
97 79 101
91 72 100
104 83 114
93 67 102
95 65 103
86 52 89
88 50 89
77 37 74
84 49 81
59 36 56
46 30 43
91 78 88
80 67 76
37 26 32
32 22 23
115 94 103
71 55 68
15 1 18
24 10 27
36 19 37
86 69 87
122 105 123
117 100 119
93 76 95
64 49 68
46 33 51
42 30 50
35 26 45
59 52 70
86 83 100
60 59 75
30 32 47
54 56 71
74 76 89
96 95 103
87 81 83
77 46 61
81 52 74
91 62 92
92 65 96
108 85 114
122 100 123
110 82 97
35 39 42
60 63 68
82 80 91
127 114 134
128 113 136
94 81 101
48 37 53
66 55 69
97 89 102
54 46 57
46 36 47
68 58 69
99 87 99
83 69 84
92 73 92
76 54 75
90 68 89
124 103 120
85 67 79
88 77 85
81 75 77
90 68 70
112 92 101
95 77 93
76 58 80
92 74 100
97 76 107
83 57 92
87 60 95
83 52 86
91 56 89
81 44 77
91 58 85
62 41 56
40 27 36
65 52 59
61 50 56
49 39 40
95 75 86
53 39 54
46 33 50
38 25 42
36 22 39
91 74 92
122 105 123
118 101 120
65 48 67
40 23 42
63 48 67
57 44 62
34 22 42
58 49 68
92 85 103
72 68 85
41 38 55
29 31 46
83 85 97
82 81 87
89 58 73
91 62 82
86 57 85
89 64 94
118 99 127
111 85 98
113 81 84
60 64 67
59 64 68
67 65 76
106 93 113
125 107 131
102 87 108
56 43 61
71 60 76
78 70 83
49 41 54
42 31 45
77 66 80
108 95 112
86 72 89
81 64 83
69 50 72
100 80 105
122 101 120
108 90 104
76 63 72
64 55 58
87 66 71
110 90 102
94 75 95
89 71 95
105 85 113
95 72 101
92 67 97
81 52 82
91 61 89
95 62 89
114 85 107
99 82 92
92 79 86
61 49 51
84 66 78
40 28 42
72 61 77
47 34 51
38 24 41
104 87 105
125 108 126
114 95 114
47 28 47
23 4 23
74 57 75
61 44 62
28 13 32
53 40 58
86 75 92
81 72 89
60 53 69
59 57 71
89 87 98
59 54 60
60 51 52
94 64 76
92 60 81
80 50 76
87 62 91
129 115 140
93 71 83
104 75 77
69 73 76
47 52 56
66 64 75
89 76 96
114 96 120
110 95 116
64 51 69
70 59 75
61 53 68
58 50 65
45 37 52
82 71 88
105 92 112
81 66 89
74 56 82
71 51 78
113 93 121
139 116 144
128 104 126
68 52 63
62 51 57
77 57 58
95 73 75
61 36 39
85 64 73
90 72 88
109 92 111
125 107 131
104 84 109
92 70 93
85 61 83
107 82 103
105 78 97
107 83 97
66 57 58
52 41 45
109 91 103
72 56 69
38 27 41
67 59 74
41 30 46
30 17 34
111 97 114
108 89 108
57 38 57
22 1 20
68 47 66
58 39 58
43 24 43
64 47 65
85 71 88
84 71 88
63 52 68
95 91 105
66 65 73
36 31 35
116 85 90
108 78 90
96 67 85
94 66 89
97 74 100
122 113 134
110 101 118
58 41 49
53 57 60
29 34 40
79 77 88
84 71 89
113 94 116
123 108 127
80 67 84
60 49 65
63 55 70
78 69 86
58 49 66
74 65 84
84 72 94
70 56 81
71 55 84
75 56 88
115 95 130
122 98 130
137 111 136
76 58 70
78 65 72
56 33 39
52 32 44
73 55 71
117 100 118
114 97 115
93 76 94
83 65 79
118 98 110
98 86 90
45 36 41
36 25 33
106 90 103
85 67 83
50 33 49
40 29 45
52 44 59
38 27 43
14 1 18
100 86 101
113 95 111
83 62 79
69 46 64
83 60 78
66 43 61
43 20 38
59 38 55
100 79 96
110 92 108
81 67 82
83 77 89
58 53 60
37 28 33
99 68 73
123 96 113
116 91 113
91 73 95
88 84 101
76 72 86
31 19 23
51 51 53
44 47 52
29 33 42
81 79 92
80 65 84
109 90 110
121 104 123
110 97 114
57 44 61
80 69 86
90 81 98
63 54 73
65 56 77
74 61 87
63 48 77
71 54 88
75 55 92
105 84 123
114 90 126
133 107 136
93 72 89
82 65 75
62 43 49
26 8 20
68 54 67
70 56 69
59 46 56
62 46 56
100 85 90
94 79 82
45 35 36
29 25 26
29 23 27
28 18 27
107 95 107
91 77 92
80 63 81
48 34 51
37 29 44
43 37 51
43 35 50
74 62 76
122 104 120
101 78 96
111 86 105
113 86 105
97 70 89
52 28 44
67 43 59
128 104 120
126 103 119
89 71 85
77 67 78
91 86 93
48 39 42
112 83 87
126 102 116
100 77 97
54 39 60
52 49 66
54 54 64
29 20 21
56 54 59
57 57 65
47 49 61
71 69 82
69 55 72
96 75 94
107 88 107
70 57 74
95 84 101
86 77 96
60 51 72
62 52 76
83 70 98
61 47 80
70 54 91
76 58 98
93 72 115
115 90 130
124 95 126
103 80 98
68 48 60
74 65 66
90 70 72
19 4 11
62 49 58
68 57 65
56 45 51
34 23 27
31 29 32
31 26 32
29 22 30
69 57 71
77 63 80
86 71 92
73 60 80
40 34 48
43 40 51
50 42 55
27 16 30
56 44 58
96 79 95
122 101 116
110 87 103
114 87 104
118 89 107
127 98 116
87 59 74
103 75 90
100 73 88
71 49 62
96 84 94
108 101 108
43 32 36
86 62 76
57 34 54
37 22 41
37 39 52
43 47 56
82 73 74
62 59 66
63 63 73
63 65 77
75 71 85
66 52 69
76 55 72
97 79 95
92 79 96
106 95 112
84 72 92
62 53 74
67 57 82
95 82 112
58 42 78
78 60 100
97 78 123
88 66 113
113 87 132
122 91 125
104 76 99
66 43 59
107 90 96
54 48 50
64 45 47
94 79 84
98 85 92
98 87 95
74 64 73
64 54 63
42 32 41
46 36 44
26 17 22
34 25 28
51 45 47
29 29 31
32 29 36
26 20 30
25 17 32
50 39 56
83 71 93
91 82 101
46 42 56
46 43 54
51 45 57
55 44 58
51 39 53
50 36 49
110 92 106
113 92 107
117 93 109
121 97 113
77 53 69
96 72 88
123 100 116
70 47 65
80 62 76
101 91 99
78 72 76
21 12 13
83 62 71
41 20 35
29 10 29
56 43 60
47 44 55
44 42 47
78 69 74
69 63 73
58 56 69
68 67 81
92 85 101
73 56 74
63 42 59
95 74 91
122 105 121
109 95 112
113 100 118
87 74 94
72 60 84
75 62 88
101 86 117
50 34 70
88 70 110
123 104 149
91 69 116
103 80 122
124 97 130
96 73 93
78 58 70
84 66 78
84 69 88
91 78 104
61 52 83
67 60 94
71 62 93
71 58 76
46 32 45
47 35 45
36 26 35
27 20 27
34 29 33
26 24 27
28 28 30
25 26 30
30 31 36
29 29 39
29 29 41
27 24 41
84 79 102
105 97 120
65 59 73
43 37 47
83 75 86
71 63 74
68 58 69
62 50 60
30 18 28
97 84 94
111 98 108
102 88 103
75 61 78
74 60 77
86 73 91
111 98 118
100 89 105
42 37 43
78 59 61
87 72 77
32 19 28
34 22 34
55 44 60
72 60 74
50 35 42
61 51 52
92 82 91
66 60 74
41 36 56
85 80 102
74 65 86
66 47 67
74 50 72
81 57 79
125 106 126
124 105 125
133 115 137
96 78 102
68 52 78
87 71 98
74 57 89
62 45 79
91 73 111
110 92 132
98 80 122
88 70 108
130 114 143
128 113 134
73 59 72
75 49 50
94 72 84
90 72 94
87 73 106
73 62 102
42 34 81
70 62 103
83 69 94
61 44 62
59 45 60
45 33 45
30 23 31
31 26 32
18 17 22
15 16 20
35 39 42
34 37 42
21 24 31
21 24 33
49 48 62
23 22 38
71 68 89
101 96 116
69 63 77
43 37 47
87 79 90
90 82 93
76 66 75
69 59 68
30 20 28
33 23 31
114 104 113
110 99 113
114 103 119
108 99 116
82 73 92
88 80 101
75 68 84
46 44 47
73 58 61
74 61 68
37 25 35
36 26 37
38 30 45
51 39 51
47 27 29
53 43 51
91 80 96
73 64 85
52 44 67
88 80 104
79 67 91
77 58 80
85 61 83
65 41 63
127 105 126
130 108 131
126 106 131
85 65 92
98 79 107
103 84 114
80 61 93
66 46 81
86 68 106
100 82 120
99 81 121
108 91 127
126 112 138
113 100 117
62 49 58
33 12 19
86 69 87
120 106 132
67 56 90
45 37 76
67 57 92
75 61 84
58 44 61
59 47 61
49 39 50
36 31 38
36 34 39
27 27 29
54 58 59
44 48 49
19 20 24
18 19 24
70 68 79
47 45 58
45 41 55
84 80 94
44 38 50
26 18 31
61 53 64
72 64 75
60 50 59
81 71 80
63 53 61
6 0 4
101 91 100
102 92 103
63 52 66
91 80 96
89 80 97
42 33 54
59 49 73
61 52 69
49 40 43
70 50 51
81 62 64
72 53 59
58 41 51
53 37 50
32 18 33
43 27 38
56 36 38
62 49 58
51 38 55
87 75 97
79 69 94
64 54 81
82 73 100
70 57 83
90 72 96
100 78 101
63 41 64
115 96 118
135 115 140
119 99 126
78 58 86
123 102 133
115 94 127
88 66 102
78 56 94
91 70 109
93 72 113
99 78 121
128 108 145
104 88 99
58 42 45
61 39 41
80 60 71
110 95 114
65 52 78
64 53 85
73 62 92
60 48 70
52 39 56
53 42 56
47 39 50
37 34 41
40 39 44
35 36 38
67 66 71
49 48 54
14 11 18
61 55 65
42 34 47
32 24 37
36 28 39
38 30 41
36 26 35
86 76 85
109 99 107
29 19 27
60 50 59
54 44 53
13 3 14
61 50 64
71 62 79
23 14 33
46 37 58
56 45 61
69 58 62
94 72 74
92 70 73
73 52 59
76 56 67
66 48 60
37 21 34
52 35 45
78 58 59
94 81 91
63 48 67
54 40 66
78 65 95
83 72 104
79 68 100
73 64 93
55 42 68
99 81 105
109 90 112
92 73 95
113 93 118
128 108 133
116 96 124
89 68 99
124 103 136
113 91 127
91 69 107
90 68 107
101 78 120
91 70 111
98 77 120
139 117 153
91 72 78
75 53 56
64 47 57
104 90 107
86 73 93
64 52 74
60 48 68
55 46 63
51 43 58
44 38 50
34 31 38
36 35 40
34 35 37
43 41 42
6 2 3
50 45 51
85 77 88
71 60 74
38 28 39
37 27 38
36 29 37
70 63 70
85 78 85
31 24 31
37 30 38
17 9 20
75 67 80
99 88 105
52 40 60
55 43 63
47 35 49
97 82 85
94 71 77
94 73 82
76 56 67
47 27 38
66 46 55
26 10 23
100 85 108
70 53 85
57 41 78
66 50 89
88 74 110
101 87 122
77 66 98
56 43 71
100 85 108
114 96 118
132 114 138
115 97 121
101 83 109
121 100 131
116 95 128
116 94 130
106 84 122
88 63 103
90 65 107
105 80 122
97 71 116
107 81 126
126 103 119
75 50 54
63 43 44
85 66 72
109 93 103
75 61 74
59 48 65
59 50 69
49 42 58
41 37 51
33 31 42
40 39 45
45 46 50
56 50 52
105 95 104
84 73 87
38 28 39
48 38 47
51 44 51
46 39 46
89 82 89
111 104 111
54 47 54
49 42 49
26 19 27
58 50 61
82 71 87
56 45 62
50 39 56
42 30 44
81 65 68
113 93 102
99 82 90
72 56 69
48 30 54
93 76 112
73 55 97
63 46 91
55 37 85
87 72 115
118 104 140
90 76 109
74 61 87
103 88 111
120 102 124
111 93 117
88 70 96
134 115 145
129 108 141
140 118 154
111 89 127
106 84 123
85 60 102
80 55 97
101 75 120
108 82 127
119 93 138
113 89 103
102 85 91
70 57 75
71 61 85
55 47 68
47 40 58
37 33 48
44 42 53
55 55 63
29 30 35
25 26 30
48 49 51
59 50 55
90 80 91
84 72 86
44 34 45
50 40 51
55 48 56
37 30 37
61 56 60
93 88 92
89 84 90
61 56 62
30 23 31
32 24 35
51 40 54
45 34 50
34 21 39
37 23 36
89 70 72
74 58 69
73 55 79
85 68 102
77 58 103
75 55 106
76 57 112
52 34 86
83 65 113
121 104 146
93 78 111
91 77 103
107 92 113
124 109 128
105 90 111
95 80 103
95 77 103
124 105 135
134 115 147
104 82 120
111 89 128
92 67 109
82 57 99
108 81 124
126 99 142
128 101 144
138 113 145
105 81 94
96 82 99
94 84 109
71 61 85
54 46 67
38 34 51
40 38 52
51 49 62
20 20 30
43 43 51
80 79 85
39 37 42
35 30 34
42 36 38
51 45 47
24 15 18
53 44 49
87 75 87
100 88 102
67 57 68
50 40 49
52 45 52
45 40 46
54 49 53
62 60 63
98 96 101
70 65 71
54 49 55
54 47 55
71 61 72
61 50 64
27 14 31
26 12 25
82 72 73
92 83 86
107 94 101
104 90 107
103 87 116
88 70 110
66 46 97
79 58 115
90 70 129
56 37 92
77 59 107
114 98 137
85 70 101
94 80 105
111 97 114
67 53 70
82 67 88
108 90 114
116 97 125
137 118 150
96 74 112
115 93 132
104 79 119
92 67 107
121 96 136
141 114 155
129 102 143
119 94 124
87 65 77
80 62 78
122 108 133
102 88 113
60 48 72
62 53 74
53 45 66
34 30 47
49 45 60
45 41 55
61 58 69
38 35 44
24 18 28
53 46 54
52 42 51
31 20 28
52 40 50
108 94 109
113 99 114
88 76 88
59 49 60
35 28 36
49 44 50
71 69 72
37 35 38
66 64 67
109 107 112
78 73 79
62 55 63
111 101 110
94 82 94
65 51 66
114 101 111
60 50 51
115 103 113
110 97 115
108 93 124
109 92 136
86 66 119
113 92 151
108 87 146
81 60 116
100 81 127
99 81 119
107 91 120
99 84 105
95 79 90
70 54 67
101 84 102
119 101 123
122 104 130
140 119 152
96 74 110
111 89 127
105 83 121
110 85 124
118 94 130
140 116 152
135 111 145
61 38 66
97 80 90
62 41 50
85 67 89
103 85 107
84 69 90
66 53 73
78 66 86
72 63 82
37 30 48
42 35 51
55 48 64
49 43 57
28 20 33
54 43 57
68 58 69
49 37 49
66 54 66
94 80 95
103 89 106
78 66 80
54 44 55
40 33 41
45 43 48
59 59 61
39 39 41
49 49 51
84 84 86
83 81 84
106 99 106
38 29 32
79 69 78
102 89 107
129 114 145
117 100 142
73 55 105
103 82 138
124 103 159
101 81 132
119 101 143
132 115 149
126 110 136
98 81 99
101 86 93
131 112 134
129 109 136
129 109 137
120 99 130
118 97 130
110 89 122
117 96 127
130 109 140
134 114 142
105 85 112
46 27 47
97 81 91
74 52 65
66 43 59
78 57 72
86 69 85
117 103 120
119 106 123
68 57 74
52 43 60
42 33 50
46 37 54
23 15 30
55 44 60
93 82 96
67 55 69
72 58 73
85 68 86
91 74 92
70 56 71
54 44 55
47 40 48
42 40 45
47 47 49
59 59 61
61 59 62
105 98 105
61 57 58
19 19 21
41 42 44
62 66 69
32 36 39
23 28 31
32 40 42
32 26 28
55 48 55
74 63 79
117 105 129
125 109 145
90 73 117
112 94 142
111 92 138
123 102 141
129 112 131
95 77 89
126 107 127
123 103 128
130 112 138
134 116 142
131 113 137
124 106 128
107 89 111
81 64 83
77 63 78
94 67 72
48 23 29
58 37 44
109 92 102
101 89 101
83 72 86
65 54 68
93 82 98
72 61 77
78 67 81
106 95 109
73 61 73
82 68 83
90 73 91
81 64 82
72 58 73
65 55 66
49 42 50
40 38 41
45 43 44
82 76 80
65 54 58
59 50 53
44 38 40
47 42 46
23 22 27
61 62 67
77 80 87
33 38 44
19 26 32
40 49 54
54 64 66
45 53 55
37 33 34
67 62 66
54 46 57
73 64 81
103 90 116
122 106 142
125 109 148
106 88 126
126 107 137
99 81 97
75 56 62
126 105 122
98 79 98
130 113 132
116 99 118
101 84 103
73 59 76
75 61 76
69 57 69
47 35 47
75 64 72
66 47 49
88 73 78
99 88 96
90 78 88
90 76 89
107 88 107
78 59 78
83 69 84
80 70 81
46 41 48
40 38 43
44 45 47
48 46 47
53 48 52
99 90 95
97 84 93
53 36 46
34 17 27
61 45 55
65 52 61
53 42 50
50 40 49
28 22 32
69 66 77
91 91 103
55 57 69
29 33 44
59 63 74
66 70 79
39 44 50
27 28 30
49 49 51
46 41 45
51 43 54
77 66 83
88 74 99
119 104 133
116 97 125
117 98 120
95 77 93
68 48 59
107 86 93
90 70 81
67 49 63
73 56 72
61 44 60
48 34 49
48 36 48
92 82 90
100 91 96
46 40 42
59 47 49
105 94 100
95 84 92
59 48 54
73 60 69
116 98 114
78 59 78
91 77 92
86 76 87
43 38 45
43 43 45
39 35 36
62 53 56
63 50 57
41 24 32
38 18 29
88 68 79
93 75 87
77 61 72
70 58 70
43 32 46
69 63 77
87 83 98
62 61 75
42 44 57
67 69 82
68 70 82
38 41 50
25 26 31
40 41 45
50 50 52
41 41 43
38 39 43
46 47 51
63 59 60
85 78 86
64 53 69
102 89 107
129 114 135
97 80 99
96 78 94
63 46 56
78 59 65
83 66 74
73 57 67
103 90 100
108 97 105
81 72 77
71 65 67
31 19 21
29 19 20
40 30 31
47 37 38
79 66 73
111 93 109
78 59 79
91 74 92
78 66 78
40 35 42
48 47 52
51 52 54
42 38 39
50 39 43
58 43 50
53 36 44
51 29 41
113 89 103
111 87 103
93 70 86
94 76 92
64 49 68
72 60 80
77 70 88
57 52 72
52 49 68
64 61 78
63 61 75
45 43 56
36 33 42
40 38 43
43 38 42
37 32 38
36 37 42
53 54 59
99 88 96
99 86 96
86 70 83
65 49 62
85 68 78
70 51 57
99 82 88
88 73 80
99 86 93
101 82 101
78 59 81
87 70 89
66 53 70
43 32 46
54 48 58
52 49 56
42 40 45
54 52 57
50 45 51
66 59 66
87 76 84
98 82 92
108 88 99
101 79 92
78 54 70
131 103 128
116 87 115
89 63 90
96 73 99
71 53 79
74 58 84
78 66 88
65 56 77
58 51 69
58 51 67
58 52 66
54 48 60
46 41 48
38 31 38
34 25 30
30 24 28
44 39 45
61 59 62
85 70 75
67 51 54
39 20 22
76 64 66
86 76 77
86 70 81
96 78 102
70 51 79
76 57 85
68 49 77
57 41 67
78 63 86
83 68 91
72 54 76
104 86 108
109 90 110
128 106 127
94 71 91
103 78 99
132 104 126
100 71 93
107 76 107
109 78 120
123 91 140
78 49 95
121 96 138
80 58 96
63 44 76
63 47 74
95 81 104
59 48 64
57 46 60
33 26 34
52 45 52
67 61 65
43 34 37
32 23 24
93 73 74
96 80 83
101 85 96
80 62 86
62 43 73
85 64 95
81 60 91
67 46 77
105 81 113
121 98 127
98 73 103
107 80 111
128 99 129
129 100 130
97 66 97
115 82 111
133 100 129
104 71 100
113 79 116
100 67 120
90 59 116
67 38 92
137 111 159
92 69 111
58 38 73
65 46 74
104 89 110
55 41 56
54 43 51
36 25 31
49 38 42
58 48 49
102 82 93
96 74 97
86 63 92
118 95 124
111 86 116
86 61 91
125 98 129
112 82 116
106 75 109
142 108 143
126 92 127
101 65 101
120 84 120
127 89 126
111 73 110
115 80 122
98 68 118
80 53 106
59 32 83
114 91 135
78 56 94
57 38 68
64 46 70
85 68 86
46 30 41
38 25 32
46 34 38
113 92 101
114 91 111
112 86 113
127 101 128
100 74 103
124 95 126
131 102 133
108 77 111
105 71 106
141 107 144
120 83 124
103 66 107
114 75 119
115 76 120
118 79 123
110 74 120
77 51 98
97 75 122
76 55 98
80 59 98
63 44 76
77 59 85
68 51 70
43 27 40
91 76 83
119 92 109
121 93 115
127 99 122
112 84 109
117 87 115
111 80 112
109 75 110
105 71 108
132 95 136
117 80 123
107 69 116
100 60 110
104 64 116
125 85 137
101 67 117
83 61 107
97 82 123
83 67 104
79 64 97
53 37 64
36 18 40
76 59 75
108 82 85
128 99 119
123 94 116
123 93 119
109 79 107
114 80 113
108 74 111
126 91 133
120 84 128
109 73 121
92 54 105
101 62 117
128 89 144
102 70 120
68 52 91
104 93 125
84 73 103
56 43 69
81 68 88
115 98 114
112 87 93
115 89 102
117 90 105
127 99 124
119 90 120
110 80 114
128 98 136
126 95 139
106 74 123
92 60 110
105 72 125
122 89 144
109 83 131
85 71 104
88 83 106
75 65 89
66 55 72
86 61 65
97 71 80
124 99 121
111 86 115
133 107 142
131 105 144
103 76 119
97 69 117
110 82 131
117 89 140
116 95 138
90 80 105
64 60 75
75 67 82
113 103 114
62 42 44
82 61 70
95 72 88
83 61 82
113 90 116
117 96 127
116 94 130
122 101 140
109 88 131
106 84 130
133 116 152
83 74 91
103 98 105
74 54 55
53 34 40
31 11 22
95 77 93
133 115 141
120 104 133
101 84 116
107 90 124
80 70 79
64 44 45
90 71 75
104 87 95
108 93 112
108 94 107
58 38 39
99 80 82
86 69 75
74 58 59
58 54 55
29 28 33
89 80 83
50 46 47
27 26 32
68 58 59
42 33 36
68 59 60
68 64 65
53 44 45
66 62 63
45 41 42
65 56 57
104 102 105
69 67 68
60 51 52
84 62 65
66 43 49
73 52 57
65 44 49
55 34 39
74 51 57
84 57 62
107 77 79
81 71 79
64 54 62
80 71 76
83 73 74
56 51 55
57 51 55
86 76 84
91 78 85
52 35 41
57 37 39
89 63 66
69 59 67
86 75 81
79 69 70
65 66 68
57 56 61
62 60 65
75 70 76
59 49 57
59 47 51
59 40 44
89 67 70
89 77 81
96 85 89
52 48 49
54 49 53
60 55 59
67 62 66
70 64 68
74 65 68
79 67 69
52 42 43
58 49 52
51 42 45
49 40 43
41 32 33
86 90 93
69 73 76
61 61 63
103 81 83
87 67 68
78 83 86
83 84 86
83 87 88
84 85 87
93 77 78
72 57 60
67 52 55
80 68 72
75 64 68
57 48 53
54 48 52
74 69 73
76 72 73
110 100 108
98 86 90
91 80 86
60 49 55
51 41 49
79 72 79
85 80 87
72 69 76
80 77 84
107 105 110
107 97 105
112 102 111
87 77 86
82 75 83
112 107 114
115 112 121
101 98 107
106 103 110
104 99 105
85 76 77
83 77 79
108 101 108
113 105 116
123 115 128
81 79 82
75 68 75
82 72 81
74 66 77
81 73 84
101 95 105
95 92 101
74 71 78
71 66 72
50 45 49
59 50 51
76 70 72
75 70 76
106 101 108
118 110 123
53 52 57
64 57 65
70 58 68
72 62 71
76 69 77
81 74 82
73 66 74
56 49 56
46 40 44
48 39 40
88 82 86
81 76 83
107 101 111
114 106 119
119 111 126
123 115 130
94 87 94
114 107 115
77 65 67
