%YAML:1.0
bias: 1.5898890583570480e+00
beta1: 6.4636925626607376e+00
beta2: 1.0635177294664768e+01
width: 6
height: 6
orientation: 31
data: !!opencv-matrix
   rows: 1116
   cols: 1
   dt: d
   data: [ 3.6606780051599737e-02, -1.5120383352592143e-03,
       2.5672411081152799e-02, 5.7438888753270544e-02,
       1.7228789430717199e-02, 4.1671162248375693e-02,
       -7.0318990549017354e-03, -3.4536772782395226e-03,
       -1.1946652978617703e-02, 9.9861034561352039e-03,
       -3.5944659059130623e-03, 6.2928005403795950e-02,
       -3.7648531496013896e-02, -4.0983876265386146e-02,
       -2.0517322497066351e-02, -1.3911668264470984e-02,
       7.4301262376558954e-03, -4.4755421730095432e-02,
       -7.7555203525401361e-03, -1.6556602402615628e-02,
       -2.1120217622086494e-02, 4.3210009050738990e-02,
       -1.9264929990312353e-02, -2.0677149656370606e-02,
       6.2123549367055352e-02, -1.1004693227786506e-02,
       -4.4832124903521245e-02, 6.6088798734335374e-02,
       2.2588438058372479e-02, 1.2214834202836138e-02,
       5.6816184067537238e-02, 3.2843172037441623e-02,
       2.0804409467149790e-02, 4.4329756327765139e-02,
       5.0995145727413246e-02, 1.9544866090922899e-02,
       5.5496962779638552e-02, 4.1087548045323191e-02,
       3.9228202849514358e-02, 3.9030894067563458e-02,
       -5.4712436042955405e-03, 2.3211990661188366e-02,
       2.5646650681022846e-02, -1.0580230697934962e-03,
       -1.3807533436434170e-02, 1.3315004687414769e-02,
       -2.4247577731074287e-02, -2.2788123097806985e-02,
       -2.1193364926320631e-02, -4.2761743204380526e-03,
       5.4939665585361343e-03, 2.4534392436857420e-02,
       5.9106324724978393e-03, -2.6976850839341704e-02,
       -2.8283388920921811e-02, -2.6030935280759542e-02,
       2.2774546257522893e-03, 2.3833677089753658e-03,
       -2.7019079653530079e-02, -3.9972845561125944e-02,
       2.4870878498826954e-02, -5.8058954572568957e-03,
       -5.8700557491604671e-03, 7.6989861082344804e-02,
       -2.9493375940945490e-02, -2.6475056083195878e-02,
       -1.4720839542861451e-02, -5.1822383802435298e-04,
       -2.6775213870235879e-02, -4.1276243125723026e-02,
       -4.2075926147412845e-02, -1.6429093221344306e-02,
       -3.1183536144897540e-02, 9.9268080955690341e-03,
       -1.6341590096426665e-02, -2.1544593611876248e-02,
       -3.3973165796757888e-02, -1.5782738089260860e-02,
       -6.4940807036847001e-03, 2.8024061097059409e-02,
       4.5592034491720043e-02, 2.2600458769161677e-03,
       -1.1972652183872418e-02, 1.4123851749380523e-03,
       -2.3887585872148773e-02, -3.1790160937732515e-02,
       -3.4224204830424496e-03, 8.7248708052335162e-03,
       5.5831403117072992e-04, -1.3656072028780664e-03,
       -3.8357276305134389e-03, -3.8175766033901208e-02,
       1.7472828684883313e-02, -3.0851117756616232e-03,
       -2.4689616202883510e-02, 6.3003992753660684e-03,
       -2.7331553216507426e-03, -7.1836382758106105e-03,
       -3.2413118628330170e-02, -1.7615396777593766e-02,
       -3.6837796241718096e-02, 3.7641161863427801e-02,
       -8.3742939206102995e-03, -3.4714771265522545e-03,
       4.0739647399630048e-02, -1.8265966131927738e-02,
       -3.3194599876372438e-02, -3.9119674070215084e-02,
       -2.6602565691026391e-02, 2.0903426244774766e-02,
       -2.2143737830106681e-02, -1.3493050309738071e-02,
       -7.0935065609301594e-04, 2.0082908493103152e-02,
       -2.7227968551535916e-02, -1.2159007901611656e-02,
       -1.8341910179759582e-02, -2.3490735229699126e-02,
       8.3587021410594618e-03, 5.1991090701904944e-04,
       -1.8712954877320075e-02, -2.5772225463209952e-02,
       -5.7953462116537820e-03, -2.5357508514713023e-02,
       -7.5593577278816083e-03, -1.4320455422668129e-03,
       5.4340191112671417e-02, -2.5434971648442072e-02,
       -2.9391596113499958e-02, -3.1375315608073384e-02,
       -2.9769610856335026e-02, 9.2628609132047485e-02,
       9.5332329717093024e-03, 1.3947595052874719e-02,
       -1.6520515210578707e-02, -1.9924198534232801e-02,
       -1.4315592144847436e-02, 8.9274058374030144e-02,
       6.6475418987866925e-03, -1.9324439714206630e-02,
       -2.2122204508506379e-02, -1.5891542196345393e-02,
       -3.5449015082069511e-02, -2.6694419704108317e-02,
       1.3407715834091068e-03, -3.3624917161867458e-03,
       -1.1288394766833089e-02, -1.7632181941023804e-02,
       -1.7654435130350990e-02, -2.2273785540524334e-02,
       -2.4176906783400988e-02, -2.3759504712107343e-02,
       -3.0882346983745774e-03, -2.0986777345838172e-02,
       -2.1184442736005917e-02, -1.2553477356785966e-02,
       9.7339491597041479e-04, -5.9126924189775599e-03,
       -1.0074446080168272e-02, -1.6989904116783184e-02,
       -1.8871831936005987e-02, -3.1469938358075919e-02,
       -3.1160420828151899e-03, -1.0073011846062407e-02,
       -8.9464680494915419e-03, -1.8505124029516769e-02,
       -2.8041231592351692e-02, -2.6670305790664249e-03,
       -2.1651368156634838e-02, -2.5414505458960041e-02,
       -1.4325249425702676e-03, -3.0499256803598988e-03,
       3.8943084177557666e-02, 5.8734304695707062e-02,
       -3.8139738498101719e-02, -3.2179660457517932e-02,
       3.7870471639026926e-03, -1.7111138476308421e-02,
       -2.5854142265176797e-02, -2.6996208550703126e-02,
       -7.1664870758383556e-03, -1.1186238063516474e-02,
       -1.9220231965185977e-02, -4.5759312940644309e-03,
       -1.8548142666701746e-02, -4.8741003740782676e-03,
       -2.0910529943579233e-02, -1.6748211163132840e-02,
       -1.0831224559697167e-02, -2.9930029644881419e-03,
       7.9166122132076511e-03, 1.7153067173929788e-02,
       -1.3074132989593151e-02, 1.7418950277539791e-03,
       -1.4061471797445766e-02, -2.0207653868553180e-02,
       -9.6112758790677967e-03, -1.4991512956835994e-02,
       -1.1762329882006844e-02, -1.9996476759330591e-02,
       -2.4338818574458271e-02, -6.9747372415156095e-03,
       -2.2450009075301036e-03, 7.9165283388573995e-03,
       -1.6531663084960929e-02, -2.7620901868575534e-02,
       1.2856498812641030e-02, -9.0708872035783240e-03,
       2.4744779574376322e-02, 4.1551410936606158e-02,
       -2.3922620849698789e-02, -2.6428296019869627e-02,
       3.4019412062694515e-02, 2.3906812130929597e-02,
       -1.7018379987874827e-03, 4.2148668911804951e-03,
       -3.1444035632059858e-03, -2.8720764846786970e-02,
       -1.9527574318768986e-02, -1.8053434985499193e-03,
       6.2110583384013610e-05, 1.8726671936151476e-02,
       -7.2207531319930995e-03, -1.1235928372132564e-02,
       8.3078058829660732e-04, 1.7819189558479581e-02,
       -2.3329725420259358e-02, -1.3593256211725781e-02,
       5.2972925081526574e-03, 3.0254519119302693e-02,
       2.6334139220310377e-03, 5.5664377351469559e-03,
       -2.8800658980685023e-02, -3.2747817727706213e-02,
       1.7352722165347917e-02, 5.6800637671111431e-02,
       -1.5743435638464788e-03, -1.5501611992638518e-02,
       -3.5017829472787643e-02, -2.8730019162454365e-02,
       -2.3454630343936855e-02, -2.7907827767542859e-02,
       3.3383911589786965e-02, -1.2175523706399743e-02,
       -2.3547220727279140e-02, 3.1550479547958329e-03,
       1.2268435559043502e-02, -2.7737883837570140e-02,
       7.5030826978852950e-03, 3.5513088804150703e-02,
       6.0924441392510003e-03, 1.5549716223555513e-03,
       3.0437059126626337e-04, -2.3183628500029523e-02,
       -1.1423465283349279e-02, -2.5556990235297509e-03,
       5.8261836543947124e-03, 3.9346741248569031e-02,
       2.6557381344149825e-02, -1.2037176536791355e-02,
       -4.8464307671553485e-04, -1.1700960006534301e-02,
       -2.8114999848332491e-03, -9.6683522800790414e-03,
       -1.3619849080608662e-02, 1.8105228358939744e-03,
       -2.5129903233952047e-02, -4.2522412147046010e-02,
       2.0392462516252232e-02, 4.3840459994656272e-02,
       1.9092766069869295e-02, 7.5626543257975951e-02,
       -1.3536519917658332e-02, -3.1445199087578125e-02,
       -2.4627940039188563e-02, 3.8929101953245802e-02,
       -1.7937847671766448e-02, -2.0065894516472962e-02,
       -1.8075529711754169e-02, -1.7753729460892688e-02,
       -2.9706194927006997e-02, 1.9819034007863629e-02,
       -7.3532282866081381e-03, -1.8492688919866565e-02,
       3.5179402006002350e-03, 1.4221357857283259e-02,
       7.5000192604507254e-03, 6.5645895512554966e-02,
       1.5774548036500823e-02, 3.7293809084878837e-02,
       2.4673380065043955e-03, 7.6364408316191776e-02,
       -1.0665206543177194e-02, -2.3323030150280678e-02,
       2.1910572125319271e-03, -7.8742636726448420e-03,
       -1.0021865518535115e-02, -9.8456906316142997e-03,
       -9.2701164519522899e-03, -1.3304676330002166e-02,
       -4.1787515217148061e-02, -2.0303945521260681e-02,
       -3.5875286592017261e-02, 4.1248095216749721e-02,
       6.0588695917784652e-02, 3.5965425161903278e-02,
       -4.7847068136072438e-03, -7.8126387900354713e-03,
       -4.1962019608206190e-02, 4.0743700736000921e-03,
       7.3520736746143803e-02, 4.2045199925007269e-03,
       1.7851573472159682e-02, 8.9174478557206404e-03,
       7.2286034254949866e-02, -9.3903786892474920e-04,
       -4.2587885881714124e-02, -3.7083497880513343e-02,
       1.1146946484349480e-02, -1.7701102811134486e-03,
       -1.9746171608833199e-02, 1.3873780181247955e-02,
       -2.8162579250996741e-02, -4.2110029093247832e-03,
       5.4412695882867984e-02, 4.6590056419083502e-02,
       5.8685214681726869e-02, 4.9308337294936659e-02,
       -2.2916836270467585e-02, 2.8073348224696350e-02,
       -6.5385043652899776e-03, -2.7767511687491586e-02,
       -3.3344077705880090e-02, -5.2966105524221076e-02,
       -3.4784702212768810e-02, -2.0165930501243837e-02,
       5.5448949991038290e-02, 1.9665524320857782e-02,
       1.8858704282542209e-02, 4.7305978744235221e-02,
       2.7133846607431136e-02, 1.6867380708322402e-02,
       4.2671397554739005e-02, 2.9493016996124517e-02,
       1.0135871975753732e-02, -3.0892284349189332e-03,
       3.8495210189393593e-02, -3.2125643468995900e-02,
       3.5171506337385132e-02, 2.7348261415965211e-03,
       -4.3376296328597568e-03, 4.5146674021038259e-03,
       -3.8192616457008194e-02, -3.1018046031907939e-03,
       1.2412724114958060e-02, 6.9922894278703532e-02,
       -3.0091062211345655e-02, -2.8992217128821440e-02,
       -4.1132327769355131e-02, 7.3983346790894092e-02,
       6.1371913982380698e-02, 8.5608997696470322e-03,
       -1.1056849001355102e-02, -3.5077211628064840e-02,
       7.2332754922594500e-02, 2.8604779343066798e-02,
       -1.8911657479536378e-02, -1.4848682046315762e-02,
       1.8825570945742078e-02, -3.6808808152818729e-03,
       6.4614463117109886e-03, -3.7215101462077650e-03,
       5.4105973988401029e-02, -8.2360559003867989e-03,
       3.9249342399377468e-02, 4.5526183517144700e-02,
       -8.9457808911792697e-03, -1.7051148778565457e-02,
       3.8884567264570395e-02, -2.3647194900303911e-02,
       5.5253377250304936e-02, -1.2260582925952931e-02,
       -2.7554656318618684e-02, -2.0369617351055205e-02,
       -3.9455210951155228e-02, -5.7690294842372824e-03,
       -2.5746513748940582e-02, 6.6437819644943649e-02,
       1.2158680216491803e-02, -3.2885705560983809e-02,
       4.1819926318277613e-02, 6.9953643411526559e-02,
       1.2074094167414900e-02, 8.0579315959472498e-04,
       -2.5178744202168937e-02, -6.5519282042612046e-03,
       -4.7990493656515252e-03, 1.1987717288478025e-02,
       -3.2003256566977875e-02, -2.0656130490590507e-02,
       -1.0567253623216723e-02, -1.4623510900323721e-02,
       4.4695913247632800e-02, 7.4057743648974758e-02,
       -3.0965794072801076e-02, -4.5373030425472777e-03,
       3.6751206829840847e-03, -2.7298980034631614e-02,
       4.9846494795220929e-02, -3.2523493707925380e-03,
       6.1772139064400974e-02, 3.7705120805276979e-02,
       -3.7252681689790422e-02, 1.0397027171427910e-02,
       4.3124404704046541e-02, -1.2856479876151161e-02,
       1.6728831584869354e-02, 1.1720125873979255e-04,
       -3.7914110396907643e-03, -3.2051314374912085e-02,
       -1.0822731233773778e-02, -6.2614545672538650e-04,
       -1.1197491175106745e-02, 7.4042192210556856e-02,
       2.8416255062845206e-02, -1.4004769289753152e-02,
       4.6742362818156982e-02, 4.1513298487713905e-03,
       -1.0608665034448963e-02, -4.1533989692645098e-03,
       9.1218191428606744e-03, -1.4177783665383591e-02,
       -9.0844784847018932e-03, 5.1353579497365485e-02,
       4.8413906450899047e-02, 3.3301484780660015e-02,
       -8.5421541352714431e-03, -9.4164318071300931e-03,
       -4.1408398538388324e-03, 6.2796376919657851e-02,
       -1.1064551585621614e-02, -4.0639793153642561e-03,
       2.7014523173844434e-02, -7.4808204575763128e-03,
       -1.9083244340791150e-03, 2.8485052335842385e-02,
       3.1436515784373696e-02, -1.4113334165058162e-02,
       -6.7202341678033574e-03, 5.4993504121258328e-02,
       -4.5990810140447876e-04, 1.7111350562065763e-02,
       6.7493658531919701e-02, 5.2152717379715767e-02,
       -1.1396561651362104e-02, 1.6230863220399620e-02,
       -1.1929456105669497e-02, -4.1675719915164004e-03,
       -4.0710868440426221e-03, -8.3000073253934343e-04,
       -6.0564906607941428e-03, -1.8741644474664296e-02,
       -7.9499651971149093e-04, -1.8246971830648554e-02,
       -3.3800490698074843e-02, 6.4917889256234530e-03,
       4.7516267269437508e-02, -2.6865159104371261e-02,
       -1.3237896424206672e-02, 3.9384968027867610e-02,
       5.2030965484927597e-02, -5.3356902943280833e-03,
       4.9776069367358112e-03, -2.0869822941828320e-02,
       3.1397667640763974e-02, 3.1717192197498120e-02,
       -3.3489051032229399e-04, 2.1041734638800959e-02,
       1.2753550553503357e-02, -1.6080107806118481e-02,
       4.4767246615089289e-02, 3.5310713996866513e-02,
       -2.1787376751125569e-02, -2.5116365553868158e-02,
       -2.1354539795845749e-02, 1.1750070315911364e-02,
       -1.0628221284070781e-04, 1.7429947200462904e-02,
       -1.8811237927687019e-02, 4.7312769325676483e-02,
       1.3181085580500195e-02, 3.3829054719024615e-02,
       -1.0161349781448508e-02, -2.1038786211741749e-02,
       -3.5394794946531583e-02, 7.8559359816554215e-03,
       4.4682254108474116e-02, -3.1734524290598837e-02,
       -1.9089162937115527e-02, 3.6267118134894038e-03,
       -1.1041225612509973e-02, -1.7323240280765109e-02,
       -6.5169816624099930e-03, -2.1473717550505644e-02,
       4.2448939899118170e-03, -3.4411746263126979e-04,
       4.0233529984023972e-03, -1.6234101723220887e-02,
       -4.0526255628387398e-03, -1.3981455794759757e-02,
       -1.3881814200590788e-02, -2.1697166536946762e-02,
       -1.0358986869427381e-02, -1.0967053528409031e-02,
       9.1745139168542683e-04, -8.4791114248523800e-03,
       8.9069889382257586e-03, -2.8216520470166213e-02,
       -9.3879010587195142e-03, 3.1689919445693215e-04,
       -6.9184035962624006e-03, 1.2422237335022122e-02,
       -3.8358557592022132e-03, -1.7877690167224170e-02,
       -1.8369570374340546e-02, -1.3569557291611439e-02,
       -6.8782523968337166e-04, 1.0995869331267635e-02,
       -4.6255845140542292e-03, 3.3404844262041718e-02,
       1.7003250662540159e-02, -1.9866736317554954e-02,
       1.0475640105408064e-02, -2.0286587988839491e-02,
       -1.1462649020190126e-02, 4.2530066042401539e-02,
       4.1823468828994154e-02, 5.0217776791340414e-03,
       3.2778800313022237e-02, -7.2987185677675839e-03,
       7.9363047690921812e-02, 1.4895544710872127e-02,
       -9.8263531477599288e-03, 2.0682199609927635e-02,
       -6.7507690957522501e-03, 2.3687881825021524e-04,
       2.1634294710742474e-02, -9.8891034130161627e-03,
       -1.1487395315479699e-04, -1.9703813970170795e-02,
       -3.4771210020145341e-03, -2.1510057041223250e-02,
       1.0596435299585616e-02, 1.3573839062072868e-02,
       6.9503549240137012e-03, -2.0711526119995882e-02,
       -1.1625033227786352e-02, -8.7122737570527586e-03,
       -3.6636698392250762e-05, -4.4860288044182546e-03,
       -2.9392507453251566e-02, -1.6674391728943531e-03,
       -8.6698108977931627e-03, 1.4882786661166523e-03,
       -2.1782180914374907e-02, 9.0789517558981389e-02,
       5.4813999101346371e-02, -1.8774101373375943e-02,
       6.0962227080238853e-03, -3.2912290067854948e-02,
       -1.7866293144767918e-02, 3.6733288511673172e-02,
       5.0808500889204217e-02, -1.0842419633133324e-02,
       6.4958386489754640e-04, -3.8836957359241336e-02,
       -9.7731110974515929e-03, 1.9689914295235606e-04,
       -8.1933617941854255e-03, 2.8083151798429913e-02,
       3.9266883014297052e-02, 7.0818454423278443e-04,
       9.4828341178379606e-03, -2.9217673903303400e-02,
       -1.4129254097007264e-02, 1.3053521417474593e-03,
       1.7474005120926943e-02, -1.7154024315068919e-02,
       -5.6078294082629199e-03, 2.7103235677125963e-03,
       3.1188030378348892e-02, -3.5813858106574503e-03,
       4.7473632527393568e-02, -9.0573422903713549e-03,
       9.3367090562100283e-03, 1.2383413752411941e-02,
       -4.7017766703412577e-03, 2.7973378165326310e-03,
       1.0905987393914251e-02, -2.4316801244754646e-02,
       -2.7116321147196344e-02, 7.6205779641570701e-02,
       -6.2791428539203968e-03, -1.3792437255227798e-02,
       2.3141127466618228e-02, -3.6870635287127668e-02,
       -1.4231529330925318e-02, 8.5599679634642233e-03,
       -1.4836174099636347e-02, -2.6583238332514494e-02,
       8.3106614154104842e-03, -2.8775991986055696e-02,
       -1.9022082784688001e-02, -3.5110960456498724e-02,
       7.1316863052543283e-02, 6.6010573832458910e-02,
       5.2286122653981561e-02, 8.3531863522669442e-04,
       -1.7343776751368670e-02, -7.4338289670845409e-03,
       1.9718700618464174e-02, -1.6611018814463214e-02,
       4.1206184533076957e-02, 2.3053613675250696e-02,
       -2.8796407259680724e-02, -1.2413344086668329e-02,
       -8.8359088418525356e-03, -2.4541744897402053e-02,
       7.9614865473046671e-03, -3.0622830869548048e-02,
       4.2733943072384463e-03, -2.5975275237313817e-03,
       -5.8700059745615289e-03, 2.8434541766920195e-02,
       1.4084116282060057e-02, -3.4200006227328800e-02,
       5.7737956617566998e-02, 2.4808752673575594e-02,
       -4.3585198870855511e-02, 5.1487983481759581e-03,
       2.1879052409910309e-03, -3.8074705411543085e-02,
       -6.7456804412972752e-03, 5.5155730793610087e-02,
       2.1443681159826070e-03, 3.2230115072934849e-02,
       6.0306256911611462e-02, 4.2146529480435756e-02,
       1.4060442055959386e-02, 2.0741259184690754e-02,
       1.2364772845469836e-02, 2.1499607459367041e-03,
       7.9261539308441899e-03, 5.4409972163908943e-03,
       2.3920967068591717e-04, -1.9793227139636056e-02,
       -3.5570786280824100e-02, -1.6835037775125839e-02,
       6.8677334249871505e-04, 1.9252622302060651e-02,
       2.0663723233933687e-02, -7.7430552203825737e-03,
       1.1365520936068562e-02, 1.6546590695894463e-02,
       1.4161568810433775e-02, -7.1922750210555442e-03,
       1.6136382231713469e-02, 2.0372197174434045e-02,
       7.6142083191443419e-03, 2.0926644140389812e-02,
       2.6893118648045972e-02, -3.8662941397928315e-02,
       1.8853996718761874e-02, 1.0725952107361018e-02,
       -3.3254166768551988e-02, 2.4217186352592075e-02,
       3.2829959525229168e-03, 2.5492930384445285e-02,
       1.8796921850223185e-02, 1.9493274528008316e-02,
       1.2131661685436427e-02, 1.7500205812180075e-02,
       1.9411346872522418e-02, 1.9287915520117268e-02,
       1.1831180145564252e-02, 1.6341221241686001e-02,
       2.0740547867781386e-02, 2.0582685889376555e-02,
       2.4640331386327475e-02, 1.8487648559081221e-02,
       1.7398620030272694e-02, 4.3587393631611109e-03,
       1.4824506983476109e-02, 2.0020490104517466e-02,
       3.1862531108247018e-03, -8.5286851887117592e-03,
       2.2859240471297462e-02, 5.6106711461055732e-03,
       1.9401875730126451e-02, 1.7057183775471562e-02,
       1.8186995340246346e-02, -2.6501119295802129e-02,
       2.1431683103461607e-02, -3.3376367232149075e-02,
       1.7575518894088336e-02, 8.1928289900643370e-03,
       -4.2984880559802985e-02, -4.9293605854034070e-02,
       7.3784002018034353e-04, 5.3977054046155217e-03,
       -1.5997487701911721e-02, 2.3986737526658863e-02,
       -1.0837509847576870e-02, -5.2647920988619208e-02,
       2.4200891194822632e-02, 2.5979476014519734e-02,
       -4.4347576130836066e-03, -3.1089727936342241e-02,
       -6.0241239419917582e-02, -6.4524576709990723e-03,
       -2.4846411142440010e-02, 2.5610075362295717e-02,
       -3.4434606224771826e-02, -3.2897938524436530e-02,
       -3.8026112890755109e-02, -2.4842050914793506e-02,
       3.5107786784634380e-02, 2.5225100667624335e-02,
       2.5285257168835524e-02, 8.6818707406637156e-03,
       -2.6829360772216053e-03, -1.7357530361060122e-02,
       2.8753184370669083e-02, -2.7557676845631863e-02,
       3.4750167937897945e-02, 3.9704458482287021e-02,
       -3.1535478513861702e-02, 1.4199540146279565e-02,
       3.6428184206478961e-02, -4.3642054326364685e-02,
       3.2775719882173329e-02, 1.9025423671459327e-03,
       -2.5479202038948229e-02, -1.7800109134731037e-02,
       -5.8462352342368530e-03, -4.6655896195614294e-03,
       -4.1050447132612709e-02, 5.5434314963437134e-02,
       -4.7765392150777124e-03, 3.1798102354639715e-02,
       3.0754195670444184e-02, 4.8349423661406318e-03,
       3.3870415265345385e-02, -1.9321427326197224e-02,
       -2.1953965100394615e-02, -4.6805850390096604e-02,
       -3.1771991779700436e-02, 5.8214973801845801e-02,
       3.3349813661684706e-02, 2.1099346770494576e-02,
       -7.4040676052512713e-03, 1.2288023009667380e-02,
       -2.7796176602861003e-02, 4.1595388277096634e-02,
       -2.1813513027173041e-02, -2.4096046893321042e-02,
       3.6346340160703733e-02, -2.5472212366131784e-03,
       -1.5543044586190151e-02, 1.1214898875530215e-02,
       2.8787487210144184e-02, -3.6793249652650260e-02,
       -1.2063714013658758e-02, 5.5969517235285107e-02,
       5.5638193176821754e-02, -6.7175011824219602e-03,
       3.9596568312847837e-02, 2.3299209733907242e-02,
       -3.9244312867263431e-02, 5.6782976268460301e-02,
       5.6404974981307692e-04, 1.1270634674797326e-02,
       -1.8669917540778808e-02, -1.7591689197147063e-02,
       -1.7666577129913621e-02, 5.4509631120355638e-02,
       1.0026823731628323e-02, -3.5432848470254651e-02,
       -5.3673305165895954e-02, -6.3844810948331882e-03,
       1.7262140832397507e-02, -5.0558229474406365e-02,
       -9.6624288735580564e-03, 3.9721454403868761e-02,
       4.4421409736354077e-02, -2.1802904726194089e-02,
       -1.1364349199692682e-02, -4.2080190738975835e-02,
       1.1023075868455691e-02, 1.5823277693614000e-02,
       7.4519001383860058e-04, 1.0156934667234834e-03,
       -6.3311715873745934e-03, -2.6783468118495628e-02,
       4.6503699434027101e-02, 3.4354100449124209e-02,
       -2.3982343635702591e-02, -4.0457165619043944e-02,
       -3.8918244983756581e-02, -1.6307659650934243e-02,
       -1.3798561742406866e-03, 8.6529991285897497e-03,
       -2.2349974582342776e-02, 3.3869005387533041e-02,
       -1.0187670421833101e-02, 3.6408296803829968e-02,
       -3.0237360037796535e-02, -4.3982834567804011e-02,
       -3.4552578883765880e-02, 6.8092701659830460e-03,
       6.1021158207988001e-02, 3.3057854395978047e-02,
       -5.5301695712004273e-02, -2.7021373343699848e-02,
       -4.8492463797767150e-03, -3.0835153037609083e-02,
       -2.9831076137290836e-02, -4.6295890308234312e-02,
       -1.4593255551245471e-03, -1.0888673516980880e-02,
       -1.4504383379764712e-02, -1.9965217483992492e-02,
       -2.0647133756737074e-02, -1.8059237350974554e-02,
       -3.4032902925793418e-02, -3.7187863054145086e-02,
       -2.0403187254390998e-02, -1.3307693832711753e-02,
       9.6469180042065214e-03, 9.3453484889230998e-03,
       -3.2426904376231837e-03, -2.3098532756759913e-02,
       -2.1459305620022139e-02, -1.9014690483482345e-02,
       -1.5593253951779264e-02, -1.5062077871360307e-03,
       -1.4868493564698982e-02, -3.6419492336786929e-02,
       -3.9646234353596460e-02, -1.8686870237036735e-02,
       4.4401707820677320e-04, 2.1238736257087752e-02,
       -2.0300355908965735e-02, 1.2052466482584887e-02,
       3.6728846273020345e-02, -2.6489298933141388e-02,
       4.0605231345782505e-02, 2.5966009232576536e-02,
       -3.4597502786076234e-02, 1.8733060500027762e-02,
       5.7973326675217769e-02, 3.2740872863962454e-02,
       3.3764434600187826e-02, 3.0331833717647623e-03,
       6.5731524674539202e-02, -1.2788444012013908e-02,
       -2.8669888790618128e-02, 2.0265908356677239e-02,
       -5.4696731987181734e-03, 2.0419758144229333e-02,
       1.7986309956842007e-02, -2.0195109964846178e-02,
       2.0519699202525598e-03, -7.5824964086575620e-04,
       -2.5111066944628099e-02, -3.4236920609614696e-02,
       1.8360780014706743e-02, 4.5716521883985228e-02,
       1.3918919643509109e-02, -1.3857872828162251e-02,
       -3.8979829885344437e-02, -3.7098092460362109e-02,
       1.9492732162937502e-02, 5.5417474638179400e-02,
       -3.0098599950663961e-02, -1.0323388165203565e-02,
       -4.1224771789558023e-02, -2.4338781349304124e-02,
       -4.4218019610303555e-02, 5.5148727373488499e-02,
       4.8488464687194303e-02, -2.8749318645348677e-02,
       -1.0935089394189280e-02, -2.3054372207998802e-02,
       -3.9986297361303998e-03, 1.4399845433629476e-02,
       4.5940485337188162e-02, 2.9818685615435221e-02,
       1.1851422050159436e-02, -3.4408005637669950e-02,
       -7.8932007812753616e-03, -1.6948460461125664e-02,
       -1.0112462604592408e-02, 3.6826931623704928e-02,
       4.8729624113308161e-02, 4.4293911057053575e-02,
       3.9666978234957177e-02, -3.8049833502350680e-02,
       -1.1044754874312326e-02, -6.5692114659795051e-03,
       1.9473467185914459e-02, -2.3298453322825506e-02,
       -1.7269579202869378e-02, 5.8984683913976621e-03,
       8.6051850461244563e-03, -4.3673573128305186e-02,
       5.4762616707482024e-02, 4.4589080160415198e-02,
       3.4403922557866139e-02, 5.1926734118033682e-02,
       -1.5881567266736923e-02, -2.7748552635694822e-02,
       -1.1069893683210841e-02, 1.8297121151218520e-02,
       -3.9271678572608028e-02, 3.8337034324089470e-02,
       -1.3906250692986826e-02, -2.8772618907518237e-02,
       5.1768575104931339e-06, -1.3524618790382336e-02,
       -1.9727195976382398e-02, -6.2447812551406929e-03,
       -3.2808961857774188e-03, -6.8867391510663472e-03,
       2.3283612292485292e-02, 4.0501329360119347e-02,
       4.1794230794310345e-03, 1.1955687264059931e-02,
       2.2805493677074143e-02, 1.5558081936135200e-02,
       1.8867764044950643e-02, -3.8522001425258853e-03,
       -6.6229362437925350e-03, -1.0963217807183746e-02,
       1.6819509289213261e-02, -1.6492168432492155e-02,
       2.5709374550924133e-02, 2.2530307097682896e-02,
       -6.5191873516539614e-02, -2.6593350161737028e-02,
       -4.2988264385134603e-02, 2.3381848617180727e-02,
       2.5941037963855485e-02, 1.6211263561699094e-02,
       1.5516112981267266e-02, 2.6838775447452527e-03,
       -4.3498440256516835e-02, 3.3678206801412355e-02,
       3.4738052211021983e-02, -2.1679719289362829e-02,
       3.0493970589637577e-02, 2.6683722260587329e-02,
       2.4963647919089296e-02, 1.3551804852591127e-02,
       -3.3127679960191309e-02, -6.8851044416086166e-02,
       1.3440062103681275e-02, 2.5570701925946869e-02,
       -4.1883597242718638e-03, 2.6586057266164857e-02,
       2.1602285944728492e-02, 2.4221484289967163e-02,
       2.5202973381216152e-03, 1.7173097470110496e-03,
       4.0679579840881682e-03, 2.7442517660911537e-02,
       3.5577854982877227e-03, -7.7581859672069290e-03,
       -4.2212387585387930e-03, 2.0572873139348994e-03,
       -1.2966466445859977e-02, -1.7828468747343149e-02,
       -4.5818177599050141e-03, -2.4034988401456590e-02,
       -2.0838403821847010e-03, -1.1908342251081639e-02,
       -1.1222900111661048e-02, -8.8409110632674849e-03,
       -9.2372834209982543e-04, -7.0935725247650953e-03,
       9.1969701172402614e-03, -6.4543598378354128e-03,
       -1.9209716706622450e-02, -2.1514964766596416e-03,
       -1.0307732233993831e-02, 7.1799813055005894e-03,
       -5.9706045631467324e-03, 9.3845515009603475e-03,
       -1.3978830507543342e-02, 1.9868386801419790e-02,
       -1.3366835114703036e-03, -7.4406230205938274e-03,
       3.2404181977601122e-03, 2.6855545918988723e-02,
       1.3756790691628983e-02, 1.0533635173215641e-02,
       -2.7429187607066058e-03, -1.3045498878346247e-02,
       2.9889699714450626e-02, 3.3138688711830858e-02,
       2.8262515641333745e-02, 2.6822530918421902e-02,
       4.5518724818016552e-03, 1.1111063180479403e-02,
       2.0552868372654992e-02, 1.6747548278020614e-02,
       1.6215750007723198e-02, 1.8304893414192651e-03,
       1.3393224803933410e-03, -4.2915124904649299e-03,
       -6.2646332464926149e-03, -3.4732151721296074e-03,
       2.0157472766270158e-02, 7.1996845221735436e-03,
       1.7465122658068049e-03, 3.2783584358442911e-03,
       8.1224044744280244e-03, -6.7594988625791766e-03,
       3.3743346572467892e-03, 1.3569873191857507e-02,
       -8.3595819678047335e-03, -1.1439354470432301e-03,
       9.2803550188820631e-03, 8.4367366363967775e-03,
       1.4187257760781896e-03, 2.8583171259066224e-02,
       8.2004809700790965e-03, -1.2311404173365762e-03,
       2.3466417015366402e-02, 3.1672864764836481e-02,
       1.9025758366809135e-02, 1.5300462281274751e-02,
       1.6273030725690810e-02, 6.1264892085871577e-03,
       1.4833772681459811e-02, 5.1851993948819905e-03,
       5.3065975187666309e-03, 3.0667024615112670e-02,
       1.1382577906433837e-02, 1.4787575223907449e-02,
       -1.6879001463046887e-02, -2.0126873979433559e-02,
       -2.9277720140675929e-02, -1.7279484772300655e-02,
       6.5177201001894716e-04, -1.2366872522254376e-02,
       2.5977851683671649e-03, -1.0111673439260541e-02,
       -6.8467707542510976e-03, -3.5306727543695641e-03,
       3.3303151151196000e-03, -1.7167945784015835e-02,
       3.3729075492452236e-02, 3.6676818201339043e-03,
       -1.5947331715971486e-02, -6.8313673017697607e-03,
       -1.1851162047968213e-02, -1.0984333272765080e-02,
       -1.0489151772930840e-04, 1.4929158063146446e-02,
       -1.8785196568488188e-02, 1.0050159631618986e-02,
       -5.5419900353612947e-03, 3.0226064669903784e-03,
       -1.3521922661996824e-02, 1.3231803355058143e-02,
       -1.1854693645084319e-02, -1.6756950887679520e-02,
       -1.3094271955380519e-02, -9.8103866766989251e-03,
       4.2797281496732231e-02, 4.7104817682090051e-02,
       3.1620456541414495e-02, 2.6985535139635593e-02,
       7.9595732486031287e-03, 2.0730475083008924e-02,
       7.0679839152667720e-03, 2.9818312586486892e-03,
       -1.0628586744028355e-02, -1.8441960211115584e-02,
       1.2758302983521138e-03, 1.7434425450126149e-03,
       1.9803901702450839e-02, 5.9303274640063472e-03,
       2.0916732734723283e-02, 9.8763989563539802e-03,
       8.0536957808758323e-03, 8.3301645963190576e-03,
       2.9657645995498225e-02, 1.3979673588739000e-02,
       1.1725733807893463e-02, 1.8565225709288553e-02,
       -1.0249608122381987e-02, -2.8212479310750580e-03,
       -7.5708163533938326e-04, 1.4535331900644755e-02,
       6.2165411870062264e-03, 2.3235021285215970e-02,
       -1.8862687197120399e-03, -5.5117081824182183e-03,
       1.5503256421964965e-03, 1.3757602739962519e-02,
       4.6720565772888399e-03, -8.1059506510719401e-03,
       -5.0978844996686637e-03, -4.1228916532546197e-03 ]
